1.791779258420189036e+00
1.982681468396294333e+00
1.756251658608048327e+00
2.042659337339506109e+00
1.661814239884997324e+00
1.703935946403285051e+00
1.807477279716231289e+00
1.742542875007559333e+00
1.634627295721567064e+00
1.860572603628584121e+00
2.141595133054987166e+00
1.764713838254787337e+00
1.790610833599455720e+00
1.924213681627493289e+00
1.923494580888024608e+00
1.611413433642575388e+00
1.759920612039070908e+00
1.504840769823613700e+00
1.657246661348174444e+00
1.726789802099334858e+00
1.959921447783645521e+00
1.802198467868511900e+00
1.638641226739579126e+00
1.768708625757221098e+00
1.774405268793708190e+00
1.832160899098924878e+00
1.644869717817023735e+00
1.981041190585770106e+00
1.774933553846173240e+00
1.605992614664520257e+00
1.718909645656677254e+00
1.714094300049735731e+00
1.927194622274028157e+00
1.875638312979451827e+00
2.130811499539359666e+00
1.700269193467811801e+00
2.098303693450581875e+00
1.580579525467314506e+00
2.136393671919960102e+00
1.867828784566967659e+00
1.598366505249670277e+00
1.657524806686522911e+00
1.627981410077616653e+00
2.388474143954695705e+00
1.807665927221999924e+00
1.658663449376733379e+00
1.696432462035048161e+00
1.765718552454053736e+00
1.622579092851056393e+00
1.833122942134051803e+00
1.830629545138373171e+00
1.650910113543861524e+00
1.847404088278920886e+00
1.756930458234580827e+00
1.543476903082730001e+00
1.450824826418159130e+00
1.628893973568629416e+00
1.694429267840166675e+00
1.538298893228433606e+00
1.809336013155572243e+00
1.778379689612191950e+00
1.723228329569957307e+00
1.776799463260196221e+00
1.954982109914286115e+00
1.471281361334976223e+00
1.806393333526481904e+00
2.352420150186093739e+00
1.583211076982504517e+00
1.607576322976233651e+00
1.656049244786016006e+00
1.703583614681481784e+00
1.474149701672798463e+00
1.753301705399447297e+00
1.896467407938835947e+00
1.421514742483189320e+00
1.987940108800960060e+00
1.577064857578697188e+00
1.625177118447406865e+00
2.242211047125003631e+00
1.802077944016553968e+00
1.642098317594444357e+00
1.695563050241855052e+00
1.729533063871801168e+00
1.787672624799064636e+00
2.097327066569919740e+00
1.876324414151321562e+00
2.048860188048870601e+00
2.147854014258760103e+00
1.969700045531834309e+00
2.069112365226703165e+00
2.264823713479136469e+00
4.285932163301977127e+00
1.907828307951160651e+00
0.000000000000000000e+00
0.000000000000000000e+00
0.000000000000000000e+00
0.000000000000000000e+00
0.000000000000000000e+00
0.000000000000000000e+00
0.000000000000000000e+00
