5.082919256113807904e+00
5.093390366587124518e+00
5.170276860292467802e+00
5.984076904627549709e+00
4.968317827970971656e+00
4.137462429248903284e+00
4.897525679878146576e+00
5.011702059820169808e+00
5.880237191259165108e+00
7.320898335658949208e+00
5.039675614013606975e+00
5.624774724419313365e+00
5.282077889060551534e+00
5.366223175821926539e+00
4.513850765743532278e+00
6.279903580626455373e+00
5.514146670803058647e+00
5.084895847152148818e+00
4.709562050823546286e+00
5.971183211675112901e+00
4.590134596969339675e+00
6.092677492611239920e+00
4.954784433127870535e+00
5.083866620378540091e+00
5.196837885266636370e+00
4.851532002470431593e+00
5.821002904191659333e+00
5.399584680080637966e+00
5.690285642422608703e+00
5.442325612403460688e+00
5.645407311201955380e+00
4.866050362411412422e+00
4.919013585825982027e+00
6.689554953434494244e+00
4.570819521133404173e+00
4.995089921722823512e+00
5.086517522903964306e+00
5.400676891314840411e+00
4.484456136036260254e+00
6.100777296796569438e+00
6.196434707354966598e+00
4.696449956896942446e+00
5.699192199576724960e+00
5.497641178516939675e+00
4.812432258267128837e+00
5.702916988856427949e+00
4.754947804234546993e+00
4.524054660280798501e+00
4.968802602857596895e+00
5.214911628743390537e+00
4.736844269046470934e+00
4.071846500524209489e+00
5.751139168119101086e+00
4.885582715732805781e+00
3.868105328892831096e+00
5.877319703232554815e+00
5.346576219207118896e+00
5.005653401052225782e+00
4.788379951833437786e+00
4.336672444799400949e+00
4.737284868549076933e+00
4.876406516444347972e+00
4.032660777179081002e+00
4.062696259566409118e+00
3.681193095920741065e+00
3.740472693357408396e+00
3.144499111166401129e+00
2.831803367980464170e+00
2.891820622172988298e+00
3.133521136486578484e+00
3.181688399487547336e+00
2.873158977064607988e+00
2.704343089196301619e+00
3.625583016550620652e+00
2.786798655541625536e+00
2.778183100547314766e+00
2.391671617505616521e+00
2.363058961005759073e+00
2.300574591822431625e+00
2.197369782454299258e+00
2.157812222058848484e+00
2.229604262609769627e+00
1.906907336180292623e+00
1.864444795567817836e+00
1.876909898462395976e+00
1.562944934363977190e+00
1.605177701327130002e+00
1.478193574469381932e+00
1.670883363559775292e+00
1.273206228463552359e+00
1.217957004868287951e+00
1.406076424835541294e+00
1.147546664374693881e+00
1.120344185934607717e+00
1.126668276274413572e+00
9.829003961361499897e-01
8.717751391223999002e-01
8.556268828113368086e-01
8.744290578630322663e-01
8.887187082873844179e-01
7.603009473650539363e-01
8.336878206888101994e-01
8.308428996835419689e-01
6.092940532369226503e-01
5.843399370921140701e-01
5.985186912447434393e-01
5.483896997352373237e-01
4.862011716263351935e-01
4.949651602172009390e-01
5.163250963318781750e-01
4.419120470293965153e-01
5.042683619964195563e-01
3.801974332560914549e-01
4.119014660189250221e-01
3.637349819091440506e-01
3.726953870550723247e-01
3.804406683785137577e-01
3.729031041537240188e-01
3.451792699221851168e-01
3.543340607463907332e-01
3.157665626506103163e-01
3.095374862486400813e-01
3.225899215410983345e-01
3.072415020334999802e-01
2.951061009677304336e-01
3.766845517754876527e-01
3.160722093638792529e-01
3.006144175244411798e-01
3.621065824295626179e-01
3.190752866517957975e-01
3.126303234017215882e-01
2.754343779692551286e-01
2.812065589265853593e-01
3.143343287154909405e-01
3.439679786394415073e-01
2.361636855750274266e-01
2.823899145932706189e-01
3.046987086271122358e-01
2.644697010065495957e-01
3.636171258402860484e-01
2.833537471930819285e-01
3.510524699689285821e-01
3.073668390645167836e-01
2.577726232381081783e-01
2.675740232783845873e-01
2.998386384330085086e-01
2.960833541562362115e-01
2.945040952185808414e-01
2.542979997810966841e-01
2.786156803254587477e-01
2.371669769194581778e-01
3.395719885475280697e-01
2.567765406643097159e-01
2.292501893914585254e-01
2.671599863132615993e-01
2.531041235191547889e-01
2.613630081044364117e-01
2.902297175387009709e-01
2.501412947537776099e-01
2.966719288689768086e-01
2.807358176051554799e-01
2.185850341328126056e-01
2.243363785092803431e-01
2.584925374511850005e-01
2.822323327468174159e-01
2.112190981593997374e-01
2.983635992115082902e-01
2.826559513267062340e-01
2.537393340200935765e-01
2.457931398475489415e-01
2.251099320448826102e-01
2.199375238022668599e-01
2.525178189315475663e-01
2.365516436435898540e-01
2.391972933958892433e-01
2.346146560838912876e-01
2.497430268235233675e-01
2.746574560885798877e-01
2.584491654424201368e-01
2.056700300845640816e-01
1.896343206320787456e-01
2.201960501519109048e-01
2.654455039714359033e-01
1.846439219382338959e-01
1.904478307325459252e-01
2.270930510792869839e-01
2.703083213145204833e-01
2.291223372321931073e-01
2.081754043112179486e-01
2.552834042751736532e-01
2.398275436964752982e-01
2.413212420137695602e-01
2.720586661759707980e-01
1.683144097466316158e-01
2.231495207810896275e-01
1.964423577726223669e-01
2.144561215095842910e-01
1.979797056354738460e-01
2.527286093256823629e-01
2.002999041109748968e-01
1.728948848309075359e-01
2.554867246473016551e-01
1.936955042872431920e-01
2.546826952639647534e-01
2.247760070902614926e-01
2.467017742439417405e-01
1.845886585082133213e-01
1.997882996256566679e-01
2.161420385722517823e-01
1.784233363189306198e-01
1.898107601214513163e-01
1.650377188173589027e-01
2.253190993212482729e-01
1.650248249865124972e-01
1.652704574691125083e-01
1.987557001524516975e-01
1.604037329890118657e-01
2.125715261138809709e-01
1.912071825519778834e-01
1.770584527643917494e-01
1.676124923533535427e-01
2.151824210500658807e-01
2.240230024947991727e-01
2.149075301080566602e-01
1.453220455481522289e-01
1.863687690791197560e-01
1.556738483317169908e-01
1.764135347292449807e-01
2.094167430435337762e-01
1.869288700108555357e-01
2.934711465742737002e-01
2.136771054844543716e-01
3.319703579415793637e-01
2.684495354136002820e-01
2.842748499716294397e-01
1.826327712864333763e-01
3.215733893079253947e-01
1.921139564481658124e-01
1.508911478096647552e-01
2.185728706062607385e-01
2.091509369435735344e-01
1.707106632209951236e-01
1.890986116631763192e-01
1.981642062430084283e-01
2.250369776528305943e-01
1.293503074832988708e-01
1.436983415741781012e-01
1.815228091131275145e-01
2.147705458092570852e-01
1.662167860657464136e-01
1.296226867010860928e-01
1.673146392302209406e-01
1.376166179371206832e-01
1.961373238560758236e-01
1.507487678915441776e-01
1.593228919529433574e-01
1.627199752401706778e-01
9.770744473649123352e-02
2.100355526765685377e-01
1.539149437661845032e-01
1.271606777365346941e-01
1.450803203762991711e-01
1.674403056712171212e-01
1.441291247910487516e-01
1.624995472381229322e-01
1.599360052244570285e-01
1.443371531901510574e-01
1.503720906080096009e-01
1.142384177019430125e-01
1.277471857745237083e-01
7.517712425704992096e-02
1.212344728364779523e-01
1.181171178989240816e-01
1.252829434130902364e-01
1.592343066966539489e-01
1.763384583923807147e-01
2.294438639254820222e-01
1.082631944432553839e-01
1.161882540554569632e-01
1.551196896000610614e-01
1.240538209773989486e-01
9.510878911495354582e-02
1.155899981006369703e-01
1.526767210673397879e-01
1.171554254482728430e-01
1.685886810997938856e-01
1.314930806788508766e-01
1.639931714835757004e-01
9.209368829239961141e-02
1.540188396180153518e-01
1.717374397912515005e-01
1.061740166586568890e-01
1.401601681826818990e-01
1.530879719192103638e-01
9.209381860811059750e-02
9.257237194235828914e-02
1.695837488778991209e-01
1.064477185442583018e-01
7.260518412556342394e-02
1.441792511307268820e-01
1.082228380056928230e-01
1.050694968522281614e-01
1.093588283350834661e-01
1.126955985594059045e-01
8.240556362144946245e-02
1.795946117401103492e-01
8.666242361809892158e-02
1.549015203957196940e-01
1.105456164067870894e-01
5.846087193323806080e-02
8.043197909680580016e-02
1.006829558737800667e-01
8.564284531858151750e-02
1.237387086868293462e-01
1.205493205466162260e-01
1.075473898438059489e-01
6.418707436490583840e-02
1.289402750725728575e-01
1.078301257973433569e-01
1.194963365672436773e-01
6.224077655851287944e-02
8.021685824938555587e-02
1.586328809685125241e-01
7.512915377831801134e-02
9.374448624078207670e-02
1.032660466353282624e-01
5.486105180874165099e-02
9.818712161914840142e-02
1.590576033059624972e-01
1.381372056792486980e-01
8.490034685570888029e-02
1.044888493045088157e-01
5.908657412460038838e-02
1.145278027260937803e-01
6.080057290259386488e-02
1.158825957814813984e-01
1.023930886154279796e-01
1.102446299024555931e-01
6.893929673515535039e-02
1.394523297115896621e-01
7.351488583747152472e-02
7.634156925393058291e-02
8.015731024120592574e-02
1.076998762749928062e-01
6.496189580059683055e-02
4.534242951795428717e-02
9.688514708884193860e-02
7.517637259602122368e-02
1.598927995924036283e-01
1.265362839378578741e-01
1.294805080979832546e-01
6.903395305712201058e-02
1.238686913734127898e-01
1.145667398011571969e-01
1.010806519239447754e-01
1.393397476992098982e-01
1.063948641330766387e-01
1.579125462029357108e-01
1.126768590623028476e-01
1.103339736146236039e-01
1.542523759710042186e-01
7.808014787091654973e-02
1.211726849373753467e-01
1.087520524592453797e-01
9.591774035018460487e-02
1.731555685771425102e-01
1.544982320069310244e-01
8.503367645943282760e-02
1.112823510035301777e-01
1.680109787057580129e-01
5.562943600716601517e-02
2.061816757409429268e-01
7.860244120939946511e-02
1.191240405032897992e-01
5.456806933117366865e-02
6.152141589226972629e-02
1.894326101809166996e-01
8.143618485730116929e-02
6.899430001846322547e-02
8.918400366970280491e-02
6.413080070744697769e-02
4.870482860247419415e-02
6.956550496513536075e-02
6.573682354938070738e-02
8.150430249951391704e-02
3.109831380860018923e-02
9.199408571946367241e-02
9.195288570135180806e-02
4.786182335779966962e-02
7.553303186569915173e-02
6.992403879432414204e-02
2.280797552054183996e-02
3.519782504504486570e-02
6.860740071976467735e-02
2.934040035059105184e-02
8.407414480584068928e-02
7.940199932933672544e-02
7.925520985656164807e-02
5.543233224698226880e-02
9.748459664649967993e-02
2.267060032847400056e-02
3.910750905454914161e-02
2.598503733750823219e-02
4.222288020755041865e-02
3.466272115028447981e-02
3.235033876480278292e-02
6.830519257310684045e-02
3.328586117878679085e-02
1.379590265888823997e-01
9.379196601479299067e-02
4.073094784708473221e-02
6.505825989598687520e-02
3.210039586276033224e-02
3.269110272859778593e-02
1.404549171615951733e-02
5.093801175352835608e-02
2.440282706360723947e-02
8.441953017048373087e-02
2.304533273053438816e-02
5.207758673220862916e-02
5.921128597312479841e-02
3.388862690453926102e-02
2.615330951145031918e-02
-6.401906242371646800e-03
5.651068940446529743e-02
8.958993389294206411e-02
7.684554584336744654e-02
7.163031668433354759e-02
7.779387063817376491e-02
5.783314415808468723e-02
5.786096226326369746e-02
3.238116335068487450e-02
1.033838220034045130e-01
8.528068371579118623e-02
9.853970034099652012e-03
8.458921599132634972e-02
3.853935657471818654e-02
4.393949203467291398e-02
1.497343868041155490e-01
7.573345696002524441e-02
5.201128588629605476e-02
1.763185778031046980e-01
7.105858965440949027e-02
1.480805381658232833e-01
1.957091334087303069e-01
3.316198690410677163e-01
2.630490491661059971e-01
2.223468552982719171e-01
1.273161831438349989e-01
2.250013364207886779e-01
1.375971461236439042e-01
1.864182406539029724e-01
1.618839982252800735e-01
7.715782962537982848e-02
1.826663174173989157e-01
1.651079632065379776e-01
2.201235443608184558e-02
1.734132307823067765e-01
1.122947737778270672e-01
1.099852967532460868e-01
6.067359088327102523e-02
1.042453442489615564e-02
1.268877527760164936e-01
5.443553904227661777e-02
7.876387077729167518e-02
1.091330360030387525e-01
8.725739959084396688e-03
2.049497893059820663e-02
5.775394094648297894e-02
2.858850439968547985e-02
2.552052721928579904e-02
1.182358110123323848e-02
4.512245066122596432e-02
-3.569155418015342723e-02
-1.099812769290599117e-02
4.288458136208482541e-02
1.207759111948677327e-02
1.837159741842430208e-02
-8.330482594792635448e-03
9.559161803656032394e-03
8.074868162005848643e-03
-5.206705631793678846e-02
-4.145207580803722536e-02
4.816850913165336701e-02
1.401291435850676552e-02
-5.909115304452886887e-03
-4.241576894884287185e-02
-2.342757329012062906e-02
2.391266850335457828e-02
3.419793599657953986e-02
-1.865110927485011047e-02
2.996023689537836553e-03
-3.450152485948356634e-02
1.114032981303208006e-02
-1.506900501343040035e-03
5.553453527513957377e-02
2.251818118076323594e-02
5.261243597724534621e-02
-1.657637130726092494e-03
-2.178471751702645842e-03
-2.444802855908713782e-02
-3.168393919834725653e-02
-2.297004197123719144e-02
7.041485336901904049e-03
3.169165475291001871e-02
5.375838975801764015e-03
2.648431155113905103e-02
1.007857694613114100e-02
-9.713100440508064606e-03
1.111915315495860118e-02
1.451481294072043751e-02
-4.330910743249572446e-03
-4.133657623010524723e-02
-8.906948018378779003e-03
-1.688807891082166890e-02
-4.585773294445604636e-02
-2.178910748424230104e-02
2.943059413182717160e-02
8.752146887042511203e-03
-2.587444758290712021e-02
-1.477241198785356896e-02
-3.480747098356319624e-02
8.689920463296330402e-03
-2.484839942077760044e-02
3.523026218479797383e-02
5.178850473504573171e-02
9.715436283819021274e-03
8.355968521893536449e-02
-2.249100544060301729e-02
2.643249072306652278e-02
7.083350833335357033e-02
-1.372123663353412050e-02
-3.413507844687123718e-03
-5.818325153281102280e-02
-3.566735778968566431e-03
-1.779789171087734975e-02
1.437321188515211859e-02
-3.441129970383149245e-02
-1.813252689168612028e-02
-3.035573433650912839e-02
-6.720967292165366119e-03
2.157769547739657966e-04
-4.745463124021302714e-02
-6.441904512480328693e-02
-2.571108521174224337e-02
-2.966649180393593141e-02
-6.723888774641725852e-02
-6.864301691509842873e-02
-4.030648972198133673e-02
-2.150133405871311465e-02
-1.885199098607210667e-03
-3.522547896743871004e-02
-6.034543812897115445e-02
-4.828250080228391194e-02
-4.436239389253471277e-02
-4.698128191328751480e-02
-3.196643756135681552e-02
-1.132789942835530500e-02
-7.708774064115995334e-03
-2.867379953709452492e-02
-8.130343681664117805e-02
-4.541411987329907474e-02
-2.224206220174056864e-02
-3.558787589692775227e-02
-3.736178648825246723e-02
-2.653699151029529496e-02
-3.474358191028423248e-02
-6.748671064474481840e-02
4.273917682503601545e-02
-8.904343653096159772e-02
-6.166673520362173089e-02
-7.234016248959794504e-02
7.845650175936839943e-02
-4.767017287146083082e-02
-6.580973887860225302e-02
-4.203920144461726488e-02
-1.064234458125621341e-01
-6.264039235917422122e-02
2.074750477280332475e-02
-1.814284101616171069e-02
-6.924240229146345904e-02
-4.551884994859749234e-02
-8.642201168901680886e-02
-6.477889097539533958e-02
-8.141267255256523505e-02
-8.727510080628524125e-02
-3.482035765640580094e-02
-8.281292216871788403e-02
-3.818559810918225467e-02
-4.290509056588320824e-02
-6.748054768131318826e-02
-8.603784564101274457e-02
-6.879691648999060327e-02
-1.164239346700212813e-01
-6.191639009807767963e-02
-1.045248223928335191e-01
-8.275277635719392733e-02
-8.717316964456596484e-02
-6.762319692903850932e-02
-1.071192026722963542e-01
-9.493242747542024462e-02
-1.087323102874118153e-01
-1.184336861386004192e-01
-5.408309297625032985e-02
-9.722182967604703352e-02
-1.209425093189234190e-01
-8.376990981686599502e-02
-6.301913094036885876e-02
-1.177469758787222515e-01
-7.701760264893538210e-02
-1.256417649559434524e-01
-7.966195077919643874e-02
3.056815664299055227e-02
-1.052583075078118713e-01
2.051695414876259643e-02
-7.324617787548097503e-02
1.392429426015109363e-02
-7.499845037575535167e-02
-2.697555380633970962e-02
1.431690446601350565e-02
-9.269599360906286088e-04
-9.841470229518227419e-02
8.577352341224081522e-02
2.225633380433549302e-01
3.551229877307642835e-01
2.855240561122333875e-02
7.458309398442596050e-02
-4.926684815703907122e-02
1.447021585865228832e-01
2.357124931978131846e-02
-4.529659921865409646e-03
2.844766155939542143e-02
7.715365835466377574e-03
3.924462294533127144e-02
-6.412551180890463387e-02
-5.390066451328674735e-02
3.460942991930125723e-02
-9.167382492043608944e-02
-1.544677003257431160e-02
-2.287102145502388148e-02
-5.170046813799497598e-02
-3.937361935200420215e-02
-5.156940539799288736e-02
-5.607119112237207020e-02
-4.248664527444163258e-02
-6.645526372735315046e-02
-7.754158930322194165e-02
-5.517937364953833662e-02
-6.923962524268936769e-02
-7.527902467631125694e-02
-1.067257928516384680e-01
-7.176199704536616319e-02
-1.194771928253405557e-01
-8.801056901462245285e-02
-1.239702796552802355e-01
-1.364830966872294382e-01
-1.142914051463819747e-01
-1.291560157016739818e-01
-1.250865696437729047e-01
-8.457802589060033072e-02
-1.646789833716950646e-01
-1.421812915100679475e-01
-1.577726189603197438e-01
-1.110158723522978869e-01
-1.258748587511066552e-01
-1.372886572679127559e-01
-1.326552163718074939e-01
-1.599655747438759601e-01
-1.346925024178614871e-01
-1.313366855151068824e-01
-1.547409530341859740e-01
-1.449808232945893616e-01
-1.346660981839122861e-01
-7.944548221229738583e-02
-1.504415713713344871e-01
-1.462096941080374968e-01
-1.391016532357451096e-01
-1.792277876459199004e-01
-1.459803836421246503e-01
-1.172912046602077041e-01
-1.780010964934674034e-01
-1.768983258116206270e-01
-1.334802962650230296e-01
-1.680543783803508107e-01
-1.316632693938794008e-01
-1.172278032165181560e-01
-1.783329848390103334e-01
-1.695321786369193284e-01
-1.553220051113553823e-01
-1.637095579377939036e-01
-1.768996001170564103e-01
-1.611605319515288792e-01
-1.665001167563583961e-01
-1.554890647156137451e-01
-1.899940876210662044e-01
-1.832742025692954413e-01
-1.826940123250798409e-01
-1.682054326146292245e-01
-1.888412892841921653e-01
-1.989982285062605605e-01
-1.931927924837998911e-01
-1.932180192412864539e-01
-1.881658107068197583e-01
-1.914714854321017401e-01
-1.876734088531734901e-01
-2.037859297977506479e-01
-2.138854744670113384e-01
-1.980253914475228749e-01
-1.865654901318881675e-01
-1.894455527727264554e-01
-2.054687793049058964e-01
-2.036129012858637344e-01
-1.978449949088798010e-01
-2.007883380362026626e-01
-2.066615765315259479e-01
-2.295721955272714832e-01
-2.205304065308738570e-01
-2.095765606101713530e-01
-2.073420068037969966e-01
-1.482912553474731998e-01
-2.229457933557046079e-01
-2.125953860768479142e-01
-2.217748474802198055e-01
-2.100494544228455607e-01
-2.213323849057443060e-01
-2.049178981637503338e-01
-2.005335911968079421e-01
-2.060872489374519501e-01
-1.995391424247291434e-01
-2.321066026010278616e-01
-2.440636425034232448e-01
-2.056075239348353900e-01
-2.309438814724564804e-01
-2.225960549096288321e-01
-2.207606674706219241e-01
-2.123277428914006615e-01
-2.385570918557605169e-01
-2.138333791641444381e-01
-1.924065861976221314e-01
-2.182465727015275858e-01
-2.120127614229682933e-01
-2.231541860790234866e-01
-2.325094943075915188e-01
-2.302761252569092143e-01
-2.400062600462410378e-01
-2.343986374946988860e-01
-2.143002237531497767e-01
-2.392911938562647944e-01
-2.229103275196166190e-01
-2.236505297694174610e-01
-2.316519217393191166e-01
-2.573787583604619233e-01
-2.387451142085271760e-01
-2.251152717774759504e-01
-2.392087945147215733e-01
-2.195498772240657426e-01
-2.468852107841719157e-01
-2.472059846670452699e-01
-2.589273702021078760e-01
-2.469436057231952919e-01
-2.525860856433309598e-01
-2.458912241206249460e-01
-2.544592702281209817e-01
-2.602225464567256563e-01
-2.694587653666484783e-01
-2.609891142702809308e-01
-2.651184113568559320e-01
-2.684683660373217151e-01
-2.484074506939193405e-01
-2.494452135446220131e-01
-2.605511003264561753e-01
-2.659990807988517614e-01
-2.414463225188327733e-01
-2.506823831241758449e-01
-2.594193140172548762e-01
-2.566081400323793615e-01
-2.700112644369208059e-01
-2.577115955301803596e-01
-2.512611905428692172e-01
-2.734846303405825130e-01
-2.704654224986841604e-01
-2.869761139575372488e-01
-2.583936028978895960e-01
-2.702163030793900411e-01
-2.392759012507635341e-01
-2.582189613513756199e-01
-2.330728621183944527e-01
-2.496806212798524938e-01
-2.571612881052610655e-01
-2.420969312557122999e-01
-2.651175393160423721e-01
-2.394904517419937096e-01
-2.238871919441678404e-01
-2.418599585798745510e-01
-2.241306035009691389e-01
-1.938531015737215979e-01
-2.743361973464440995e-01
-2.146338284256564255e-01
-2.929903157491057231e-01
-2.697691823650117948e-01
-2.581647005443060694e-01
-2.540139529495545334e-01
-2.377380004502375466e-01
-2.776108453474061544e-01
-2.099311990766692115e-01
-2.871456353233710068e-01
-2.206553947454234221e-01
-2.572959320361124513e-01
-2.406430394608163326e-01
-2.515085240477643036e-01
-2.771502924587151973e-01
-2.492411083237237035e-01
-3.047780165356754889e-01
-2.329376344583678482e-01
-2.267259328451000366e-01
-2.157800903974894102e-01
-2.682240880773502645e-01
-2.358652297434907230e-01
-2.367489515672798195e-01
-2.698714513879794663e-01
-2.587664117365773842e-01
-2.921786036475694237e-01
-2.448906818847624844e-01
-2.647123340270427505e-01
-2.533675057510529349e-01
-2.867830500696025853e-01
-2.882299309922794484e-01
-2.641153185881388032e-01
-2.452071213606404343e-01
-2.784310677295031011e-01
-2.566455899311876343e-01
-2.947985292794363943e-01
-2.454374661110176881e-01
-2.650521691716954953e-01
-2.564259178077297752e-01
-2.493063440675140630e-01
-2.835157158927896215e-01
-2.488016701967498967e-01
-2.918723296068862494e-01
-2.742913988068974573e-01
-2.949805367333555584e-01
-3.094229371484456537e-01
-2.957813141690867620e-01
-2.866745634792549069e-01
-2.967399239578119574e-01
-3.017379075619643913e-01
-3.157100596371192891e-01
-3.133075519801405973e-01
-3.284555397213076988e-01
-3.033201612105844158e-01
-3.249085836714153963e-01
-3.292263530969747887e-01
-3.144466141657866753e-01
-3.345037998415266167e-01
-3.297926942812672846e-01
-3.328356666709119671e-01
-3.334483262051305963e-01
-3.323178246019824478e-01
-3.383196261043782127e-01
-3.417239203136714920e-01
-3.339745753584980048e-01
-3.422879285921604509e-01
-3.361028133533465190e-01
-3.375604641137542328e-01
-3.215312000953317595e-01
-3.432758095676357035e-01
-3.306433773267761222e-01
-3.221120810788959954e-01
-3.387748641947422867e-01
-3.314078640765829586e-01
-3.379662549606379796e-01
-3.485778562008349235e-01
-3.400629991503749672e-01
-3.475908735360205837e-01
-3.273948098254229611e-01
-3.651380294387129855e-01
-3.287363169979127808e-01
-3.533891409866554145e-01
-3.581254362218485587e-01
-3.221652240378451992e-01
-3.610037014476854544e-01
-3.363958920926127250e-01
-3.611991178823274473e-01
-3.322360407053304154e-01
-3.590231615548107325e-01
-3.586953748910337580e-01
-3.411223349708689123e-01
-3.689576526163021453e-01
-3.549041657028968455e-01
-3.753462508172819567e-01
-3.682358874062444110e-01
-3.722530089500809547e-01
-3.798329752065258136e-01
-3.698105204249630407e-01
-3.701049380109172615e-01
-3.696441609666851758e-01
-3.717759921318686267e-01
-3.784375185304108546e-01
-3.751361869393435855e-01
-3.774050588407701912e-01
-3.768038336630434859e-01
-3.857309845895823819e-01
-3.815821803809253399e-01
-3.819865829601952201e-01
-3.812452842056317515e-01
-3.829655891293911596e-01
-3.828586471651247436e-01
-3.719020615984817146e-01
-3.754215492578897861e-01
-3.651363696291812788e-01
-3.835520779056178498e-01
-3.531945799343283454e-01
-3.840732235785837556e-01
-3.834088182376748088e-01
-3.741142295713794641e-01
-3.934700562594153350e-01
-3.705773136520913447e-01
-3.784516891623966872e-01
-3.724889882450973522e-01
-3.847308670066587610e-01
-3.852445932685611973e-01
-3.709292288246402447e-01
-3.995261412832571413e-01
-3.636694238896789888e-01
-4.087128016659558050e-01
-3.585650533392868988e-01
-4.023700967134575812e-01
-3.759256395711295662e-01
-3.666931095187760392e-01
-3.635187363460972709e-01
-3.089544857980057180e-01
-3.765615531459015064e-01
-3.490482550956503505e-01
-3.800343686876240801e-01
-4.070474796019607489e-01
-3.973214028388856178e-01
-4.064724714054009924e-01
-3.970225751520013446e-01
-4.060451853420731227e-01
-4.022092332551935323e-01
-4.267809390060898211e-01
-4.065414347187014110e-01
-4.027457286731760400e-01
-4.020829041256783754e-01
-4.087154423279816817e-01
-4.128268032310542512e-01
-3.868437446005252300e-01
-4.241301357336071387e-01
-3.830458487903993792e-01
-4.060589177756346313e-01
-3.879385484866073042e-01
-4.072008187736823048e-01
-4.160312019813730555e-01
-3.931774779109680207e-01
-4.114338363177857949e-01
-3.699754396319616667e-01
-4.256077186772227461e-01
-4.093626415372195182e-01
-4.089138674688197472e-01
-4.242244321151471542e-01
-4.173157919487565093e-01
-4.173533553490473280e-01
-4.370172970030752335e-01
-4.434877547972060352e-01
-4.451064913645206289e-01
-4.349385385218487166e-01
-4.449777806960696913e-01
-4.450349426543391274e-01
-4.211878293139453833e-01
-4.435943188796716008e-01
-4.334867275769415662e-01
-4.529679577832136927e-01
-4.432203267481962250e-01
-4.512086815950458463e-01
-4.520699434628120961e-01
-4.445759768365629694e-01
-4.389584603544184893e-01
-4.472495402974216994e-01
-4.511382414837449284e-01
-4.504738622091196132e-01
-4.471805275789599854e-01
-4.636042177199357628e-01
-4.497399710278136009e-01
-4.571206958600829151e-01
-4.533456364980028019e-01
-4.461685682307190426e-01
-4.631824445231034204e-01
-4.459146183856881329e-01
-4.487719492225181184e-01
-4.543662176990939661e-01
-4.466191387391360568e-01
-4.664398718083276885e-01
-4.514154885587189359e-01
-4.530884046233688567e-01
-4.693542240254380271e-01
-4.583023199567636263e-01
-4.583892184313734797e-01
-4.614609511710940914e-01
-4.308010589368174159e-01
-4.487089851425704601e-01
-4.751122151999010446e-01
-4.654303839101938123e-01
-4.671506007300631480e-01
-4.494454361163127132e-01
-4.708600319189735206e-01
-4.711109448023189095e-01
-4.712215210073226190e-01
-4.720760729614835727e-01
-4.701920255351448308e-01
-4.782948192347179495e-01
-4.814923568891233963e-01
-4.816555016943215861e-01
-4.829210218906825891e-01
-4.787707125678703490e-01
-4.730999750609993781e-01
-4.876128274582887667e-01
-4.777021893727043111e-01
-4.893546638220060974e-01
-4.739934383607889434e-01
-4.838308164537185596e-01
-4.866698810146946608e-01
-4.991004574188331322e-01
-4.890204607826068584e-01
-4.810748508081207908e-01
-4.891187386563649042e-01
-4.831831783847264083e-01
-4.946633047209982870e-01
-5.015673503221450558e-01
-4.921431274187596516e-01
-4.928142779434063758e-01
-4.873187941903571740e-01
-4.536126473180162044e-01
-4.690211039068843402e-01
-4.230610250191539357e-01
-4.835204024077580098e-01
-4.433723598161778412e-01
-4.778679368718251053e-01
-4.806177539932712239e-01
-4.629516955667479228e-01
-4.985850521743129815e-01
-4.943378683252448447e-01
-4.939874203983936063e-01
-4.855605302756227371e-01
-4.749618245358021018e-01
-5.097811513398071703e-01
-4.989098766628017323e-01
-4.970146544907682595e-01
-4.953951421051330795e-01
-4.902419019202163830e-01
-5.026026712673145047e-01
-5.086913374245819464e-01
-5.072819758712839855e-01
-5.218204711381665417e-01
-5.160685527345576507e-01
-5.141098170906797105e-01
-5.260594009022637740e-01
-5.076455628679976684e-01
-5.084054181085955193e-01
-5.311430032871991003e-01
-4.986771358585172509e-01
-5.192273819927183398e-01
-5.208550342737132688e-01
-5.192789337377997638e-01
-5.316226121088399870e-01
-5.122879920980942803e-01
-4.885523391994168185e-01
-4.973314709214868845e-01
-5.100399572992636577e-01
-5.191120592052882454e-01
-5.224307773015820500e-01
-5.005403645485569930e-01
-5.053366554578567760e-01
-5.245926186595903928e-01
-4.801955848706405128e-01
-5.091489008026107710e-01
-5.423527493942618127e-01
-5.047023878782394002e-01
-5.248107199162992398e-01
-5.229901088594063330e-01
-5.113249636947979626e-01
-5.347526467301484399e-01
-4.985817091737536066e-01
-4.952197653867084215e-01
-5.300413715165395168e-01
-4.135394507685091203e-01
-3.553941861119811474e-01
-5.061028443891778528e-01
-4.611438674683596139e-01
-5.431696884643111289e-01
-4.614636253356406148e-01
-5.462406442043824528e-01
-4.961792487421925468e-01
-5.464643005182454605e-01
-5.257901696818129134e-01
-5.206928294668604629e-01
-5.324864950732701718e-01
-5.467649130096257082e-01
-5.400390102234193801e-01
-5.407709370619174782e-01
-5.465859901467117199e-01
-5.563362266008583523e-01
-5.430245854106371395e-01
-5.494545646449037202e-01
-5.544309749170631685e-01
-5.641940088495028816e-01
-5.440422178808894671e-01
-5.397233040896769474e-01
-5.398760434583235179e-01
-5.559333997649243964e-01
-5.374933697479872263e-01
-5.674173471755582510e-01
-5.628843976644289926e-01
-5.495513101915543430e-01
-5.562663632696017713e-01
-5.557461992828116593e-01
-5.669229881481741007e-01
-5.702878442480782128e-01
-5.577309352433871270e-01
-5.631665083703484287e-01
-5.509922318419830933e-01
-5.748879440676991637e-01
-5.660593868757124447e-01
-5.699340559321394162e-01
-5.819838543312874091e-01
-5.574665868592171281e-01
-5.829215482409710880e-01
-5.712243991767508300e-01
-5.728811349378464257e-01
-5.646988240959969207e-01
-5.853816587557680862e-01
-5.801727355189164603e-01
-5.809790523663801443e-01
-5.839106640503438639e-01
-5.585321873650264113e-01
-5.662436701852099352e-01
-5.823032733334742028e-01
-5.872695883897204316e-01
-5.929650358862843529e-01
-5.806126137868864445e-01
-5.874041867478999590e-01
-5.878569442853698312e-01
-5.854224311047084850e-01
-5.958792296922797993e-01
-5.836377160685788379e-01
-5.948792128251797484e-01
-6.029189986639378329e-01
-6.014640447286924152e-01
-6.065760931871558848e-01
-5.932981616060080121e-01
-5.842318721704286011e-01
-6.025622155968923810e-01
-5.867862646496551093e-01
-5.458623563052569239e-01
-6.001655671335164310e-01
-5.299406384605690468e-01
-5.303248690896437134e-01
-5.699079416155256039e-01
-4.977327361045529308e-01
-5.159508522678515341e-01
-5.691716319577898586e-01
-5.049130403217291230e-01
-5.776354102252100331e-01
-5.731313928032180094e-01
-5.994361913896562033e-01
-5.926194624409127920e-01
-5.873054327038268463e-01
-5.735243139608703355e-01
-5.844950057408168087e-01
-5.622214442683161062e-01
-6.035581483881544695e-01
-5.668773895344213498e-01
-6.022001375980386983e-01
-5.858646874223880641e-01
-5.997447279777724516e-01
-6.097945190391379500e-01
-5.797660988251033265e-01
-6.051786795106703920e-01
-5.920718180163964117e-01
-6.242817803577833669e-01
-6.062282291657570266e-01
-6.035394166826772988e-01
-6.228562028715118881e-01
-6.163451096058440992e-01
-6.203565698259420058e-01
-6.082543036692633631e-01
-6.236634526422828451e-01
-5.940472400744485348e-01
-5.918587269006174711e-01
-6.254106958536134186e-01
-5.847138812090787452e-01
-6.129847806175223734e-01
-6.352259958115812344e-01
-6.175110771375962315e-01
-6.384584499336904972e-01
-6.254373053132057381e-01
-6.384596012933341225e-01
-6.360257889395164455e-01
-6.406203141487827324e-01
-6.442948566018046330e-01
-6.506077200391875426e-01
-6.458445028960592138e-01
-6.525328047338407877e-01
-6.515612991608833449e-01
-6.515322981428346427e-01
-6.485945809602902123e-01
-6.527918794693179372e-01
-6.501567580823337522e-01
-6.556887858487229215e-01
-6.543789271787812112e-01
-6.481860795296278122e-01
-6.572236077508396557e-01
-6.557295583835566211e-01
-6.556358360715778266e-01
-6.655556994722235942e-01
-6.571916966116246872e-01
-6.662619654791731572e-01
-6.630222406067892704e-01
-6.598368441426670783e-01
-6.580198016119993554e-01
-6.419027975783587747e-01
-6.625043156221406271e-01
-6.213063452451272894e-01
-6.519609663972196767e-01
-6.396226264970734654e-01
-6.344918669169572478e-01
-6.680225582261645201e-01
-6.432082704490605929e-01
-6.681870419878022105e-01
-6.687148167624874517e-01
-6.660247124273502850e-01
-6.727516039801736403e-01
-6.747169886620891788e-01
-6.712335712505980156e-01
-6.752183541454110927e-01
-6.836328909882772864e-01
-6.683985252389902376e-01
-6.755798647400057533e-01
-6.825481369012665889e-01
-6.818683175513534644e-01
-6.825111494892940334e-01
-6.948634286846054886e-01
-6.854508591137545848e-01
-6.933469498035644829e-01
-6.810846755114817741e-01
-6.910094101882049422e-01
-6.869128588701423066e-01
-6.918540275865849853e-01
-6.887215262792990567e-01
-6.934778981517822904e-01
-6.983060231017581554e-01
-6.938217710547511796e-01
-7.008408778319528132e-01
-6.929793868242888344e-01
-6.978992476312186888e-01
-6.999475974971022252e-01
-6.985474831048321676e-01
-7.023414933583227437e-01
-7.008036034900213540e-01
-7.033235974153331238e-01
-7.029168213934153808e-01
-7.081908110087314911e-01
-7.042746361376678310e-01
-7.030064671144343746e-01
-7.075543691758565679e-01
-7.068397801304291406e-01
-7.071802914021627640e-01
-7.119699193341628707e-01
-7.059997348360442793e-01
-7.110084245221988120e-01
-7.035456963127033614e-01
-7.175351494471019498e-01
-7.061457124500166715e-01
-7.158911923878572559e-01
-7.072467964289913533e-01
-7.037429425577621522e-01
-7.108082343626178634e-01
-7.007608757181488235e-01
-7.046010549002221790e-01
-6.962888748282878293e-01
-6.843283909604324089e-01
-7.180437094064145986e-01
-7.091964961768020270e-01
-7.141075385485984306e-01
-7.124135732451208902e-01
-7.090722862050663489e-01
-7.211694236511855260e-01
-7.223413182397181442e-01
-7.068138483629109459e-01
-7.272026166618896781e-01
-7.229138918719392182e-01
-7.257570534860887657e-01
-7.261393475590487423e-01
-7.164329921957718339e-01
-7.308636330523622382e-01
-7.309368923487062908e-01
-7.147814428615638649e-01
-7.355209931385465749e-01
-7.229101833282071121e-01
-7.158024301398161482e-01
-7.378654453281733305e-01
-7.122915299951552148e-01
-7.234871037487047296e-01
-7.289895692816169559e-01
-7.286992182113783967e-01
-7.418361669785696888e-01
-7.407994318595880756e-01
-7.412523594419142547e-01
-7.281529575335285998e-01
-7.423848559564454330e-01
-7.381104529274147286e-01
-7.338618433949902764e-01
-7.448034100262859170e-01
-7.461188483204197475e-01
-7.500777947072911900e-01
-7.484391366743397001e-01
-7.517009859547050254e-01
-7.484656636443596245e-01
-7.540429595330031542e-01
-7.458652322245336030e-01
-7.489454385903193678e-01
-7.418299936075134493e-01
-7.462877645948537975e-01
-7.504102996104877743e-01
-7.510188370793502433e-01
-7.598836399956421239e-01
-7.490586339042459851e-01
-7.530280515067460101e-01
-7.480478524118761019e-01
-7.461089353426919590e-01
-7.598195400198761718e-01
-7.488680645911638400e-01
-7.532123417223050010e-01
-7.564730463527706839e-01
-7.450295072472030711e-01
-7.623911522039048538e-01
-7.569878084259098472e-01
-7.456660524027387549e-01
-7.591512321352666959e-01
-7.587913101959089524e-01
-7.552134043407332520e-01
-7.666798615957836072e-01
-7.548185117887725726e-01
-7.584328909935540430e-01
-7.764085820698518603e-01
-7.671591078279229592e-01
-7.735010660783325775e-01
-7.616235074726052101e-01
-7.692425762502096420e-01
-7.744527105749132723e-01
-7.570340264865836888e-01
-7.633118227590367511e-01
-7.742630084741818353e-01
-7.622910676170450150e-01
-7.736693439029860286e-01
-7.767983297155013345e-01
-7.632926767820445990e-01
-7.835507340264590281e-01
-7.675661724391917851e-01
-7.579594508611040560e-01
-7.830725441968224843e-01
-7.768270081518992010e-01
-7.844148061007899519e-01
-7.714303509898073896e-01
-7.452092872302210624e-01
-7.710956706209893818e-01
-7.687859462856305726e-01
-7.506047586242610148e-01
-7.846728417487721652e-01
-7.361399166779878378e-01
-7.358745946850597797e-01
-7.732047335215944672e-01
-7.021370069230759015e-01
-7.715810595620523626e-01
-7.706059639338806999e-01
-7.766493842123368685e-01
-7.672459255076196083e-01
-7.554268721936409081e-01
-7.871786711658836921e-01
-7.438456502229372491e-01
-7.575937744619354319e-01
-7.814042679768182786e-01
-7.360029396192374618e-01
-7.683354174373310252e-01
-7.510134827004667502e-01
-7.410903346331036978e-01
-7.964387573660909325e-01
-7.560861398758560448e-01
-7.852437528111653187e-01
-7.808339578894306632e-01
-7.816313130993500780e-01
-7.991170182339925043e-01
-7.810386370507812481e-01
-7.855486257579828990e-01
-7.942726632964531852e-01
-8.009849920833224113e-01
-7.957702312579764126e-01
-7.922445979852072995e-01
-7.855805172423941940e-01
-7.891727569920403695e-01
-7.963480156949902522e-01
-7.971560775546906452e-01
-8.009880177623946995e-01
-8.088419239483917167e-01
-8.090192580469017791e-01
-8.114431206829385568e-01
-8.017431611787069201e-01
-8.005460590838128221e-01
-8.103493730852444621e-01
-8.049218012246547316e-01
-8.051711770141480873e-01
-8.145034080882199712e-01
-8.070292022931280229e-01
-8.202492514206174423e-01
-8.010687641385999536e-01
-8.261094960854070690e-01
-8.106644405970739875e-01
-8.194274658107429943e-01
-8.208044825321938465e-01
-8.114013906888501992e-01
-8.236927434854121044e-01
-7.936267719883418614e-01
-8.184858725348536090e-01
-8.022033712769287561e-01
-8.108698574477302135e-01
-8.034413578190392480e-01
-7.788696191972747096e-01
-7.975379919044289778e-01
-8.076949333150372778e-01
-8.101332456448653296e-01
-8.022400786269667794e-01
-8.267378964942964092e-01
-8.056886150723441276e-01
-8.255237238525720000e-01
-8.062286225662389505e-01
-8.388526276029204531e-01
-8.209995116882518040e-01
-8.229523985140275721e-01
-8.320223492863947357e-01
-8.281117282879320030e-01
-8.281234776801676967e-01
-8.372443075079472052e-01
-8.456987390594434828e-01
-8.415726356043647938e-01
-8.325506156383628564e-01
-8.399651853502526633e-01
-8.415301005581001803e-01
-8.395023327125952228e-01
-8.398346302701784616e-01
-8.471878822045131319e-01
-8.398946375761939809e-01
-8.507440776482806388e-01
-8.502100913060586240e-01
-8.485625460933173825e-01
-8.469064693033717672e-01
-8.510668392579910924e-01
-8.567472153247562838e-01
-8.522940223408913551e-01
-8.577456961386489276e-01
-8.504143400680814757e-01
-8.560361440555841472e-01
-8.608464839430066684e-01
-8.545206455700017356e-01
-8.590521463501830102e-01
-8.545530822895639478e-01
-8.543813106096997956e-01
-8.604212156379040799e-01
-8.663968228929688209e-01
-8.591813500249778635e-01
-8.681327191315295622e-01
-8.590714534591195051e-01
-8.618263632471893088e-01
-8.693442329663295665e-01
-8.649743502913219695e-01
-8.695627865847793680e-01
-8.720781076523019815e-01
-8.690353250074273062e-01
-8.728164708307259989e-01
-8.672074801851584747e-01
-8.676089754564402234e-01
-8.730124271258313806e-01
-8.757719109183895734e-01
-8.741168818927017581e-01
-8.681003633138744124e-01
-8.723676909929514167e-01
-8.711650645503937751e-01
-8.757698461936306300e-01
-8.719797411057451653e-01
-8.810313580427634461e-01
-8.821372957846279617e-01
-8.796957232049404940e-01
-8.783277493160529525e-01
-8.803108587863626155e-01
-8.820201554705295877e-01
-8.769217553312952385e-01
-8.858313336952905459e-01
-8.889385063037944512e-01
-8.844666879447399266e-01
-8.868670924621337992e-01
-8.819993590143028195e-01
-8.870977071379657630e-01
-8.875968776085306766e-01
-8.850524310048527576e-01
-8.826973248301863695e-01
-8.906517637002582255e-01
-8.800779428423283202e-01
-8.884142281749052295e-01
-8.908557153772913573e-01
-8.917691225072076344e-01
-8.881196581612202934e-01
-8.934699363665681293e-01
-8.966460652981020907e-01
-8.942814174367216262e-01
-8.948285910277429256e-01
-8.887041737677888742e-01
-8.943496383679061523e-01
-8.951167894652215518e-01
-8.981487055935206687e-01
-8.991367451296234936e-01
-8.978967006356004532e-01
-8.828959350754097546e-01
-8.993406812070484646e-01
-9.026956676878891139e-01
-9.007712600986890195e-01
-8.978639627859538175e-01
-9.029559599276497650e-01
-8.921392210740167750e-01
-8.997950043917845031e-01
-8.999617390264553762e-01
-9.030691967565067646e-01
-9.012525673743332355e-01
-9.010990032267405248e-01
-9.075216380714693498e-01
-9.078981679280083705e-01
-8.985106751476298337e-01
-8.922060333220560580e-01
-9.104199838966846592e-01
-9.039347562169128825e-01
-9.028656164822186359e-01
-9.072567610671639082e-01
-9.083188426571653373e-01
-9.038788948683168512e-01
-9.171357494707452762e-01
-9.091864977247496871e-01
-9.053371794257233374e-01
-9.129824089511591190e-01
-9.108191929367306372e-01
-9.146640331500350829e-01
-9.125718057637426384e-01
-9.171253771824212642e-01
-9.149913287468269818e-01
-9.118967110805370480e-01
-9.140192498557015988e-01
-9.173323469006696707e-01
-9.125190400006840674e-01
-9.197928691893552111e-01
-9.173632432346945365e-01
-9.181572210064564699e-01
-9.135266632246953344e-01
-9.219999884641334464e-01
-9.166811567515300574e-01
-9.235179571117136943e-01
-9.129111745300309000e-01
-9.214470277694069011e-01
-9.239931374608849612e-01
-9.255678167552876534e-01
-9.214690526776119217e-01
-9.286941539646278443e-01
-9.257702796348689089e-01
-9.213155930880735367e-01
-9.165714973615655126e-01
-9.224690455577567727e-01
-9.301408310428764814e-01
-9.248083331343892599e-01
-9.335883282048197396e-01
-9.249072636741578757e-01
-9.278259896635824289e-01
-9.255199257499212573e-01
-9.301694137034051124e-01
-9.303965243667440266e-01
-9.326518452490873967e-01
-9.318577398027549918e-01
-9.322415911521402254e-01
-9.340826874502904387e-01
-9.339569432756861245e-01
-9.403887841446526563e-01
-9.366535862765161813e-01
-9.416018702541912866e-01
-9.324227078470722629e-01
-9.358386205195051710e-01
-9.321162924252963666e-01
-9.470586133223911629e-01
-9.408204452604826962e-01
-9.420300336904688931e-01
-9.374818555125165043e-01
-9.431890896472883146e-01
-9.367966218658824173e-01
-9.509004454291107855e-01
-9.400639607057748037e-01
-9.466812755724925976e-01
-9.537511111379836093e-01
-9.490734765198398648e-01
-9.479346189847467352e-01
-9.474094784194637686e-01
-9.549434052899606895e-01
-9.489601117973504030e-01
-9.466207818215462977e-01
-9.510504552647808252e-01
-9.547783632311468427e-01
-9.581677684980398624e-01
-9.534833828031946679e-01
-9.530505000720875808e-01
-9.576470792133794374e-01
-9.555839217382859907e-01
-9.560814478992407661e-01
-9.592442203687689961e-01
-9.598225009589680390e-01
-9.616895536819058954e-01
-9.620084234418947444e-01
-9.601814267895808497e-01
-9.603257455415846744e-01
-9.589685451268558092e-01
-9.631527489181685997e-01
-9.619775858716018702e-01
-9.662989672583354173e-01
-9.585449004706015907e-01
-9.619062654435351911e-01
-9.593903662191638482e-01
-9.633077368872113855e-01
-9.640266984632838154e-01
-9.637780637565193098e-01
-9.658012076161179849e-01
-9.620219095084622252e-01
-9.579166187029701796e-01
-9.554282575705335123e-01
-9.730606853515875176e-01
-9.583223674644939516e-01
-9.672129378334416439e-01
-9.586784052973058579e-01
-9.498224051365824483e-01
-9.681514435234931382e-01
-9.453440099709512490e-01
-9.563607227558983404e-01
-9.636160813205489895e-01
-9.565537544628481825e-01
-9.760888031823468092e-01
-9.668884981272687362e-01
-9.698096296082703294e-01
-9.665720204514750558e-01
-9.549682745767456016e-01
-9.667826718206438130e-01
-9.607943882673316560e-01
-9.792914293919774416e-01
-9.700355748624837071e-01
-9.761155495015657602e-01
-9.741686865560938990e-01
-9.766322590645630797e-01
-9.760605442593887071e-01
-9.724176468918325211e-01
-9.803713426916026430e-01
-9.798091916043856209e-01
-9.835047023130801813e-01
-9.753434272514454051e-01
-9.764760518825035263e-01
-9.831773243977841581e-01
-9.767094894870576027e-01
-9.803102377979094895e-01
-9.769214161838081223e-01
-9.841819072535620272e-01
-9.834074962642077589e-01
-9.866356870496085785e-01
-9.857087877432051393e-01
-9.889605843276112473e-01
-9.846807485856093889e-01
-9.819961187813173176e-01
-9.876795704359754291e-01
-9.911960728671674881e-01
-9.928460597421914224e-01
-9.940516551851488192e-01
-9.921508869885020676e-01
-9.919636457456256773e-01
-9.944171013938796211e-01
-9.929877425358093479e-01
-9.947602051646866617e-01
-9.963858920784027795e-01
-9.911614731619462493e-01
-9.931210025494107141e-01
-9.940895068777625410e-01
-9.986187582189511858e-01
-9.999155501612101427e-01
-9.970898287948953831e-01
-1.001338838761390848e+00
-9.994459749340498522e-01
-9.982360180771497893e-01
-1.001165496655278986e+00
-1.003031335761672915e+00
-1.000063590551381720e+00
-9.992435425409035288e-01
-1.007534400104617589e+00
-9.989567558163910954e-01
-1.003184762510223482e+00
-1.003965946043182011e+00
-1.005085172285540507e+00
-1.006119634067239588e+00
-1.006185736436047140e+00
-1.001510737762720371e+00
-1.001383501306992496e+00
-1.006470556061740851e+00
-1.003068058349611880e+00
-1.007151347248177897e+00
-1.008915876276385903e+00
-1.007986343567727650e+00
-1.007572151346962874e+00
-1.011984146388673178e+00
-1.011288866493605942e+00
-1.008962853873396348e+00
-1.008086417609400431e+00
-1.006469722477489892e+00
-1.008687925826928122e+00
-1.006181201552723392e+00
-1.013143096739713922e+00
-1.010172694659710269e+00
-1.009794467404013796e+00
-1.009152796942496932e+00
-1.012341521381151965e+00
-1.011057953535878129e+00
-1.007736428659149475e+00
-1.006278850526096669e+00
-1.004723062797078015e+00
-1.004686925017345134e+00
-1.000545077882332379e+00
-1.008857811832724716e+00
-1.006480143221044399e+00
-1.013634250256111313e+00
-1.000358162524392469e+00
-1.017127341287629605e+00
-9.916564235652839399e-01
-1.013100494241742089e+00
-9.990432968021194515e-01
-1.012381949710802420e+00
-9.948236046339847816e-01
-1.007097311262072692e+00
-1.013611151175003888e+00
-9.954868086346153611e-01
-1.023139849918594413e+00
-1.003525838621168065e+00
-1.022224776429874638e+00
-1.003317421573150625e+00
-1.008953259496366384e+00
-1.010545524291499353e+00
-1.016483109972442955e+00
-9.938967914059200215e-01
-9.794693161218793742e-01
-9.884773471191032890e-01
-9.890804983074359402e-01
-9.931135742718310011e-01
-9.910726396502242963e-01
-9.677386806545129616e-01
-1.009618419079043372e+00
-9.321012454102834965e-01
-1.009517715705984253e+00
-9.699250527572238489e-01
-1.020847933041892031e+00
-9.746080717278305938e-01
-1.004710675200353842e+00
-9.990197966552717412e-01
-1.023192378123953139e+00
-9.911173896464504640e-01
-1.028511283145385757e+00
-9.981971455942084681e-01
-1.027169167879580902e+00
-1.004567777924577632e+00
-1.032361658769281876e+00
-1.022370323852668683e+00
-1.019539405290941669e+00
-1.015192930639154723e+00
-1.020691030988138293e+00
-1.015739350821249332e+00
-1.017707161273693872e+00
-1.019531039760950719e+00
-1.021058837311960010e+00
-1.031448877613488468e+00
-1.024982664583680814e+00
-1.032141567530804993e+00
-1.013300623772871445e+00
-1.025538687687311601e+00
-1.021542160417796774e+00
-1.032583505262063550e+00
-1.025225347320573244e+00
-1.039954024331028348e+00
-1.034836069170490536e+00
-1.034575940526583526e+00
-1.036196399783898103e+00
-1.040710095831478110e+00
-1.035554470655700721e+00
-1.038984580757331466e+00
-1.035572487971550215e+00
-1.035880545745764714e+00
-1.043089961606525451e+00
-1.034308986882868320e+00
-1.043853978334427834e+00
-1.038411963713685493e+00
-1.044876091464506107e+00
-1.042288402450176621e+00
-1.048124094889197222e+00
-1.047564296023516084e+00
-1.044485462780928353e+00
-1.044624626443312776e+00
-1.047687571646102489e+00
-1.046214000142214218e+00
-1.042406855760343865e+00
-1.049095260553533526e+00
-1.046598423104581066e+00
-1.049888910924287266e+00
-1.047443119180970994e+00
-1.045944228037628321e+00
-1.049749366348688095e+00
-1.052449996531902743e+00
-1.050595326541517771e+00
-1.050621636765929123e+00
-1.051309003561504696e+00
-1.055510541385368928e+00
-1.050478225777985886e+00
-1.048393880045263016e+00
-1.050658379687452459e+00
-1.053167809371575059e+00
-1.047968153240403488e+00
-1.054538259496338837e+00
-1.055829329433544128e+00
-1.054339660498257780e+00
-1.056634412396858957e+00
-1.056093198933935051e+00
-1.054067724709314646e+00
-1.056350274591258076e+00
-1.057782936007902297e+00
-1.056800219541104147e+00
-1.061193724475443467e+00
-1.058025432483955308e+00
-1.061025618616192823e+00
-1.058394312252054714e+00
-1.060444650363884245e+00
-1.057896449291429342e+00
-1.062083022768609331e+00
-1.062963534451888625e+00
-1.060499954474213302e+00
-1.060625839024480710e+00
-1.063081841637051772e+00
-1.063687382310328999e+00
-1.064376564592271590e+00
-1.060258371462606375e+00
-1.064977500507195307e+00
-1.059810612466707269e+00
-1.065219663907673420e+00
-1.065695143160904745e+00
-1.066217886285425243e+00
-1.063027394732809716e+00
-1.065519689679579995e+00
-1.063836217826780617e+00
-1.067627826398890312e+00
-1.064899884735359015e+00
-1.063058129553133391e+00
-1.067980695198025742e+00
-1.065555909265933021e+00
-1.066887641161727629e+00
-1.068453228535199750e+00
-1.068448483656485815e+00
-1.067142199997997976e+00
-1.068266264675146182e+00
-1.068598430839706959e+00
-1.070294228605684683e+00
-1.070692194816476039e+00
-1.063403266181791151e+00
-1.068347587226699869e+00
-1.069832113472899193e+00
-1.071421120864382681e+00
-1.070749348932526379e+00
-1.068657190780579080e+00
-1.070289725457257202e+00
-1.070654489436115187e+00
-1.068369618053357062e+00
-1.068699020374396680e+00
-1.072538785549322471e+00
-1.072582903809300658e+00
-1.073332172777687665e+00
-1.069133547536851747e+00
-1.074254670802331946e+00
-1.072691847839915225e+00
-1.076630115287724232e+00
-1.071519309713138801e+00
-1.074616805855777901e+00
-1.075040995278820466e+00
-1.074146000028097792e+00
-1.075957138068228902e+00
-1.075667802608432533e+00
-1.077522469781038383e+00
-1.071863107966891882e+00
-1.078625369106792409e+00
-1.076713684613034072e+00
-1.076155928732282829e+00
-1.077482477356263235e+00
-1.074855658930799818e+00
-1.078432327232454080e+00
-1.079058191728979876e+00
-1.079588600086222483e+00
-1.078925433465479422e+00
-1.077656378973535611e+00
-1.077297692761955528e+00
-1.080503053510550870e+00
-1.081449408029130588e+00
-1.082486324430840474e+00
-1.082764101059394024e+00
-1.079720021396612939e+00
-1.081895791054436007e+00
-1.081849836557648326e+00
-1.083447937520249704e+00
-1.082072337940696460e+00
-1.078805698883912534e+00
-1.083634264969653094e+00
-1.082041965010881901e+00
-1.081948686764558021e+00
-1.081526200560615214e+00
-1.085320603252828198e+00
-1.083001073510873935e+00
-1.086302895885481457e+00
-1.084290366082097279e+00
-1.084673124479016426e+00
-1.085655240003408517e+00
-1.083839810183453212e+00
-1.082104260148293529e+00
-1.083183672185860535e+00
-1.084325317133579381e+00
-1.083894938224633897e+00
-1.081067293600294521e+00
-1.087236641811603510e+00
-1.083791443071421279e+00
-1.089351377288187095e+00
-1.087443233883500726e+00
-1.083562364812464152e+00
-1.086441003427041974e+00
-1.088367236784971936e+00
-1.088656326261480123e+00
-1.088141957625147205e+00
-1.085758433660904076e+00
-1.089872172255560434e+00
-1.089600499092896690e+00
-1.088391978634185353e+00
-1.087150498606984428e+00
-1.090094061425915140e+00
-1.089310270842678730e+00
-1.090595780306072848e+00
-1.087882567856153671e+00
-1.089510303414265913e+00
-1.090670315611946828e+00
-1.090023135342778726e+00
-1.093606386404265995e+00
-1.092193452408044108e+00
-1.092597867451682747e+00
-1.091178210593257036e+00
-1.090255574279872297e+00
-1.093993722145025105e+00
-1.090496772003994641e+00
-1.092670835012502728e+00
-1.094340981515858457e+00
-1.092211702749634306e+00
-1.092619793529196803e+00
-1.090968983403518555e+00
-1.096068246960387293e+00
-1.096910050058266917e+00
-1.095245801731566493e+00
-1.093119381615226038e+00
-1.095535807172582921e+00
-1.091961442917255942e+00
-1.096821598527923269e+00
-1.091286142644426693e+00
-1.094785317466579810e+00
-1.093895946795213403e+00
-1.095414280694655629e+00
-1.096601231205027505e+00
-1.098751959621540042e+00
-1.097883371139132924e+00
-1.096013392153868393e+00
-1.097277576293543166e+00
-1.097545352541691610e+00
-1.098591665739364842e+00
-1.097972917463322595e+00
-1.097799647195315309e+00
-1.098886262257020130e+00
-1.098085642459552425e+00
-1.100326229700181901e+00
-1.099304338319287755e+00
-1.099104256201731689e+00
-1.099975641012175709e+00
-1.100289228030698174e+00
-1.101878353440711278e+00
-1.099645665440573516e+00
-1.101210068309209644e+00
-1.098619554205502835e+00
-1.101084562614385254e+00
-1.101726595274099330e+00
-1.101344013508917863e+00
-1.102956615134048413e+00
-1.101470883174957116e+00
-1.099711356370859594e+00
-1.105083670600117918e+00
-1.101814253789801468e+00
-1.103491648403541525e+00
-1.103868643285720763e+00
-1.103090557113104220e+00
-1.103323179600897985e+00
-1.102931852923853207e+00
-1.100421087677595500e+00
-1.100249031962552193e+00
-1.106085100199246218e+00
-1.104207577079998392e+00
-1.104107949550476198e+00
-1.100379605610884992e+00
-1.101172004570291518e+00
-1.104678179393859372e+00
-1.106682932725060464e+00
-1.103714433074103107e+00
-1.106713601704314875e+00
-1.104951831000942297e+00
-1.102591579902969299e+00
-1.103111404047333544e+00
-1.107565351261144970e+00
-1.105564615226062752e+00
-1.103711137928112374e+00
-1.107091198397729626e+00
-1.107665514941023055e+00
-1.106941897878375825e+00
-1.107222073176583832e+00
-1.108355078413219230e+00
-1.106233100701037086e+00
-1.107430868927942624e+00
-1.105331816526682998e+00
-1.104936101741224919e+00
-1.109161727487757432e+00
-1.109050990518757107e+00
-1.108460993899116120e+00
-1.110862605250310553e+00
-1.106815185324040440e+00
-1.108784993683582520e+00
-1.108399649284111055e+00
-1.109612824231609229e+00
-1.109709869323937781e+00
-1.109253504440201654e+00
-1.107001060239036772e+00
-1.107482577205394447e+00
-1.108907609159571539e+00
-1.106889154392415087e+00
-1.109985709779721885e+00
-1.108055501167740875e+00
-1.110030056404543997e+00
-1.109264540136700949e+00
-1.110266618812441930e+00
-1.111094476563948552e+00
-1.109411581866592389e+00
-1.109277208236432832e+00
-1.110519830311855749e+00
-1.109473492515796744e+00
-1.110578028877606149e+00
-1.109035416363894910e+00
-1.108724557174211700e+00
-1.111314324251172270e+00
-1.110648084676396419e+00
-1.111253426798731514e+00
-1.109783831449310698e+00
-1.112343406501328014e+00
-1.112745822695479836e+00
-1.114626271507082711e+00
-1.113418479957914320e+00
-1.110132026880898959e+00
-1.110582345038490626e+00
-1.114691150073270132e+00
-1.110739379634115842e+00
-1.113524770078012649e+00
-1.113993162236922130e+00
-1.111642999752689098e+00
-1.114860757424838811e+00
-1.114155912161784334e+00
-1.112345407469074621e+00
-1.113006834139509627e+00
-1.112420908897518101e+00
-1.114721331910418556e+00
-1.115390702462997430e+00
-1.115782505770048560e+00
-1.112686695340711962e+00
-1.114565624966584290e+00
-1.116951182695308908e+00
-1.116138132754155743e+00
-1.115270025057761405e+00
-1.115720050237971828e+00
-1.113430577307906733e+00
-1.114427967382830786e+00
-1.115275969206588114e+00
-1.113964743481729913e+00
-1.115269284793154680e+00
-1.115939550653024526e+00
-1.117145091738144247e+00
-1.117050938700822282e+00
-1.117146075271899130e+00
-1.117393575124226102e+00
-1.117443073529502451e+00
-1.116586498350340184e+00
-1.116248837502649804e+00
-1.117962409011096447e+00
-1.115518184652507516e+00
-1.118566536351500273e+00
-1.117718439080245263e+00
-1.115997876523897814e+00
-1.117036090518459757e+00
-1.115268616079147179e+00
-1.119492730821470605e+00
-1.118052557706618044e+00
-1.114768498025494825e+00
-1.118821876446468799e+00
-1.119926988460847816e+00
-1.119076422872504750e+00
-1.118511336724239191e+00
-1.115676245723296489e+00
-1.116106393714980882e+00
-1.119010436194022517e+00
-1.119337158419085210e+00
-1.116102043441707048e+00
-1.118556253086171903e+00
-1.114974658631414428e+00
-1.120494238700354250e+00
-1.119504982498440659e+00
-1.120566072482317876e+00
-1.119086829421064300e+00
-1.117467783006939719e+00
-1.120057259452851506e+00
-1.118195291704774386e+00
-1.119323550178480398e+00
-1.118537383012576880e+00
-1.118713623729144624e+00
-1.119853915311870729e+00
-1.121340771443592121e+00
-1.119921658669793763e+00
-1.117798611173616896e+00
-1.120044321040755131e+00
-1.119255483985226451e+00
-1.116802328740353012e+00
-1.119767772709932663e+00
-1.118272848983234535e+00
-1.121762460530814742e+00
-1.118734677992202720e+00
-1.121714484070905682e+00
-1.120706157735315234e+00
-1.120092166753949181e+00
-1.121268589664958792e+00
-1.119746398048574454e+00
-1.123032537412900655e+00
-1.118825522638080550e+00
-1.120315145066114626e+00
-1.121879032761171846e+00
-1.121510617792642828e+00
-1.120976665341771206e+00
-1.121499535665729352e+00
-1.122107607061580747e+00
-1.119860492733484980e+00
-1.120541232170321200e+00
-1.119584338377592525e+00
-1.120675658909587646e+00
-1.121592644470667421e+00
-1.120938434779435999e+00
-1.123820344152251183e+00
-1.120926603846334357e+00
-1.119758363656421896e+00
-1.123919939114746303e+00
-1.122454331224600921e+00
-1.123205270346034901e+00
-1.122050393887725317e+00
-1.122627835810716901e+00
-1.122615693307165152e+00
-1.124057594175452035e+00
-1.125087062555168549e+00
-1.122581223909655312e+00
-1.124334325493476117e+00
-1.121082786210138460e+00
-1.122798080505477136e+00
-1.123813505793924028e+00
-1.125227940672551830e+00
-1.124577070284357161e+00
-1.119857810732643122e+00
-1.121904056995995713e+00
-1.121782560550660390e+00
-1.121967280013220547e+00
-1.123658680585642777e+00
-1.123636027367478363e+00
-1.123828488603068720e+00
-1.124907648406219929e+00
-1.123093777523682446e+00
-1.121316233367619430e+00
-1.123651152306673007e+00
-1.123558021217888836e+00
-1.121589990577568807e+00
-1.124269282001737258e+00
-1.126136678357164023e+00
-1.124599860575720145e+00
-1.125355452973265447e+00
-1.122508583154694151e+00
-1.123355981620996147e+00
-1.123811617694041365e+00
-1.124431930609516961e+00
-1.123883057110857786e+00
-1.122951879547533505e+00
-1.127931380756673541e+00
-1.124706705352350511e+00
-1.126158897137157222e+00
-1.124094993116398378e+00
-1.125258072821050837e+00
-1.123256462219406560e+00
-1.123130630190008583e+00
-1.124090500206327281e+00
-1.123910419868543675e+00
-1.127392686254174992e+00
-1.123195186343309393e+00
-1.126581386923483752e+00
-1.124563598052178870e+00
-1.124498891050863092e+00
-1.123949704788121284e+00
-1.125353071879173772e+00
-1.125151435427270252e+00
-1.126290831173454299e+00
-1.126312299927179295e+00
-1.123792685186083107e+00
-1.125450231661635270e+00
-1.125034470730370550e+00
-1.127053169136431165e+00
-1.126013178336435550e+00
-1.123791631892493870e+00
-1.126123149224340647e+00
-1.126342419806751094e+00
-1.125925106282345212e+00
-1.126315199715409721e+00
-1.126162174923455384e+00
-1.122295222664048131e+00
-1.127226686369279696e+00
-1.126134773416161305e+00
-1.128467011606386183e+00
-1.124962482336684166e+00
-1.127407923508459975e+00
-1.127085905210900130e+00
-1.126169130210817437e+00
-1.124453915329366227e+00
-1.127779751277569797e+00
-1.124987607145346180e+00
-1.124407491342264143e+00
-1.126202953938424400e+00
-1.124914721265629192e+00
-1.128371835637516973e+00
-1.126526107008787747e+00
-1.126844512691795197e+00
-1.124444175991844208e+00
-1.127445863568829587e+00
-1.126655508477854672e+00
-1.126549278168356372e+00
-1.125849533926062795e+00
-1.126694352042017400e+00
-1.125216622304115566e+00
-1.125854406701700450e+00
-1.126583763515025538e+00
-1.125650195640447881e+00
-1.127252560280122884e+00
-1.128910227610320671e+00
-1.126023795508477088e+00
-1.125870471574174969e+00
-1.127317517451629669e+00
-1.126569627339095936e+00
-1.129104619173696422e+00
-1.126775123113320731e+00
-1.128178309541022051e+00
-1.127323326302897000e+00
-1.126454502132167024e+00
-1.125626376789269356e+00
-1.123877021778876051e+00
-1.127298052284911423e+00
-1.128104764233801571e+00
-1.125781385501405607e+00
-1.126233103801609570e+00
-1.128643244593587225e+00
-1.126879281952960277e+00
-1.127398306645984061e+00
-1.128188542881648493e+00
-1.126803609987128363e+00
-1.128041036208602188e+00
-1.127056934530642707e+00
-1.126670480462368840e+00
-1.126813065966236760e+00
-1.129482401237381195e+00
-1.126567831240617101e+00
-1.126313191995824248e+00
-1.126385135758639189e+00
-1.124675691691285673e+00
-1.128735531221504607e+00
-1.126454193270558957e+00
-1.127796685379647723e+00
-1.128330679595413555e+00
-1.128608885946731810e+00
-1.129334655460941361e+00
-1.127194424249984062e+00
-1.125050876849027937e+00
-1.128351771601660891e+00
-1.126069524105303143e+00
-1.127243639455818736e+00
-1.127068352521336303e+00
-1.127261795563483160e+00
-1.125510771422567391e+00
-1.126034244861436440e+00
-1.128986013624470930e+00
-1.128052381093032075e+00
-1.127248845419491996e+00
-1.126020716044493053e+00
-1.128712718082821143e+00
-1.125874464993012580e+00
-1.126569921523510542e+00
-1.129685865531153688e+00
-1.128193516365394666e+00
-1.127247125135073080e+00
-1.128451561765072997e+00
-1.127120450501266413e+00
-1.126528262598938790e+00
-1.126726473367127390e+00
-1.129704136348727683e+00
-1.128251158029913936e+00
-1.128338068702516628e+00
-1.127303112478243330e+00
-1.127723501925893101e+00
-1.129029482089784375e+00
-1.126058956430275648e+00
-1.129835749380884824e+00
-1.128102752552042176e+00
-1.129919328218887076e+00
-1.128658687648092629e+00
-1.128246492186310457e+00
-1.128867135501277152e+00
-1.128862485587877940e+00
-1.127617974078016561e+00
-1.127000180657180328e+00
-1.129460311959538332e+00
-1.127953969556174441e+00
-1.130156113140897034e+00
-1.126549582116250781e+00
-1.128424551733479664e+00
-1.125211865310289827e+00
-1.127310983315461979e+00
-1.127880706748203288e+00
-1.127701657357589982e+00
-1.125991451200827331e+00
-1.129101348222085521e+00
-1.129224641309086952e+00
-1.125946632334884123e+00
-1.127118173461860495e+00
-1.129001378270533928e+00
-1.129875497948985341e+00
-1.127188503183366608e+00
-1.127129774195221978e+00
-1.126847006920412175e+00
-1.126228608897722472e+00
-1.127698590880008789e+00
-1.126525363783751121e+00
-1.126523340681415242e+00
-1.126943008111795486e+00
-1.130036650782873187e+00
-1.126073782530064848e+00
-1.128752802717108983e+00
-1.126312890355434027e+00
-1.128291508421212619e+00
-1.129167532597872059e+00
-1.130205460233395298e+00
-1.128764462490952081e+00
-1.127758736405376938e+00
-1.127382979122139028e+00
-1.125831600516345121e+00
-1.129583002549041204e+00
-1.127729207934602851e+00
-1.127322113193579556e+00
-1.126134691020804768e+00
-1.126890037498659458e+00
-1.127390099581503824e+00
-1.127367301802451038e+00
-1.124881164220911556e+00
-1.125931801639016738e+00
-1.128071861898981787e+00
-1.127045402202757618e+00
-1.127595460557411222e+00
-1.128291555546142799e+00
-1.127742949546019391e+00
-1.128605349248575918e+00
-1.128881439114538310e+00
-1.127678575214760892e+00
-1.129197184680986288e+00
-1.130031805218311147e+00
-1.127871843079192082e+00
-1.126883406355336126e+00
-1.125181570909203455e+00
-1.129088648252795535e+00
-1.126133659843164825e+00
-1.126802052902047047e+00
-1.125106645955758156e+00
-1.128659489056242249e+00
-1.127259242663296357e+00
-1.122135755822295300e+00
-1.128891961995257764e+00
-1.127038849648474672e+00
-1.127074641792348508e+00
-1.128579609547869511e+00
-1.129322759358853068e+00
-1.130156898509001806e+00
-1.127736224318655056e+00
-1.127731905714408178e+00
-1.125254911552972192e+00
-1.125644647555654299e+00
-1.128059136045969746e+00
-1.127974423155723827e+00
-1.128263345248603944e+00
-1.127570275750000794e+00
-1.129394446058464840e+00
-1.127060874750305919e+00
-1.127840981646430540e+00
-1.129102396741241909e+00
-1.128996199481332230e+00
-1.127069210193739179e+00
-1.126700379049996981e+00
-1.129880092100775446e+00
-1.128290481433184222e+00
-1.127697900006021214e+00
-1.127994666468005169e+00
-1.126762420441217882e+00
-1.130687290038831394e+00
-1.127818027712861548e+00
-1.129496493282405867e+00
-1.126992344911928123e+00
-1.128318035572182465e+00
-1.127539293387920472e+00
-1.123542716337581959e+00
-1.129395474439701452e+00
-1.129127647914700994e+00
-1.126386830352049895e+00
-1.129475990985018719e+00
-1.128307218500855136e+00
-1.127307180644200768e+00
-1.123025972292694963e+00
-1.127156692688223938e+00
-1.126752928633327100e+00
-1.128420807486936850e+00
-1.127848681106050632e+00
-1.129167180798696268e+00
-1.128275199746783697e+00
-1.127822367065327125e+00
-1.128324011588840881e+00
-1.127320888823747147e+00
-1.126654046467467252e+00
-1.129719739159260383e+00
-1.128778971293896261e+00
-1.130706431837672499e+00
-1.128127494238846618e+00
-1.127013587688477037e+00
-1.130232238147741430e+00
-1.125600232343865192e+00
-1.128052846076845972e+00
-1.126733910183549181e+00
-1.127392403849603930e+00
-1.128124513790774275e+00
-1.130555495075522776e+00
-1.127814835074396393e+00
-1.127385098848814104e+00
-1.128744750351430515e+00
-1.127659636530276455e+00
-1.129047151085592393e+00
-1.127951019205344574e+00
-1.129037793857034844e+00
-1.128943945488928291e+00
-1.127494257726997073e+00
-1.126298817374875139e+00
-1.130757216536993459e+00
-1.130091721912893199e+00
-1.127689519811076790e+00
-1.126685565404304645e+00
-1.128839125685932476e+00
-1.127699779081609455e+00
-1.127253116218643880e+00
-1.125312931643717596e+00
-1.128011841125158066e+00
-1.127456146066737386e+00
-1.128831198242250311e+00
-1.128198752299185204e+00
-1.128363327185205600e+00
-1.130540267028635082e+00
-1.128241087303582857e+00
-1.128093371389394806e+00
-1.128108237407611014e+00
-1.129797897897576897e+00
-1.125274735857960007e+00
-1.129314345415143306e+00
-1.129009810341413678e+00
-1.130385387311222400e+00
-1.127570328559425850e+00
-1.127627950414004765e+00
-1.124755333603163265e+00
-1.128481678235846664e+00
-1.127919106676132710e+00
-1.125931812442870328e+00
-1.129400500476219760e+00
-1.127989726824451200e+00
-1.129378418301129283e+00
-1.129258451767487292e+00
-1.128535144994861295e+00
-1.129137631674469455e+00
-1.126253675547215005e+00
