-3.426688428048770690e-02 -1.964849335925032938e+04 -7.081871890173060535e+01 -1.174367704209365002e+03 6.433228969573974609e+00
-3.105750658419896906e-02 -1.956336279644735259e+04 -7.243381230487551647e+01 -1.173199954159467325e+03 8.779875993728637695e+00
-2.694149853969278474e-02 -1.944589096532476105e+04 -7.526007055989330752e+01 -1.171922072384361172e+03 9.423669815063476562e+00
-1.971363661545289664e-02 -1.925284737727804168e+04 -7.958707258280314534e+01 -1.169889720753829579e+03 1.007112693786621094e+01
2.572526301006461619e-04 -1.879574514001129864e+04 -8.421966128481001590e+01 -1.167472590160340360e+03 1.071195793151855469e+01
1.716986722249572161e-01 -1.536716003298938267e+04 -8.777540708053449237e+01 -1.172248119718850148e+03 1.135148882865905762e+01
3.940027493312031059e-01 -1.095755486980692513e+04 -9.412765883644766518e+01 -1.176681570130179352e+03 1.210874271392822266e+01
5.544622170706837716e-01 -7.769681071581626384e+03 -1.053670371416616831e+02 -1.175713570668832517e+03 1.274641394615173340e+01
7.350218686178927596e-01 -4.220068478259992844e+03 -1.250264948368228772e+02 -1.172710540184450792e+03 1.337013196945190430e+01
8.363401796909454289e-01 -2.236975832218172854e+03 -1.625315826480115504e+02 -1.165112326052868411e+03 1.399961590766906738e+01
9.043032237720201039e-01 -9.109989101398408593e+02 -2.193576534001844607e+02 -1.161728465722597093e+03 1.463435482978820801e+01
9.347015229214193921e-01 -3.203266160600796866e+02 -2.948217867069010367e+02 -1.157639684367436985e+03 1.526578497886657715e+01
9.482263051559117750e-01 -5.717337751425324655e+01 -3.534435590425278519e+02 -1.148226443399187701e+03 1.589159584045410156e+01
9.532139593037863845e-01 4.032945630455854769e+01 -3.863958830864872880e+02 -1.139741838577167300e+03 1.652174687385559082e+01
9.587031668981839116e-01 1.483864432676732861e+02 -4.039399844098326753e+02 -1.136294669456513930e+03 1.714871597290039062e+01
9.585068881449432254e-01 1.462709808407938397e+02 -3.803996024508375058e+02 -1.130803628671599654e+03 1.777963280677795410e+01
9.564670152130141378e-01 1.084679092031053784e+02 -3.526523847358545822e+02 -1.124731278493115724e+03 1.841560173034667969e+01
9.581521759758120371e-01 1.433977559529029691e+02 -3.342864599577004583e+02 -1.120349158277751258e+03 1.905017280578613281e+01
9.591793161262593959e-01 1.654932409180424315e+02 -3.112278191052187140e+02 -1.112845933704436902e+03 1.968608403205871582e+01
9.603177229050147146e-01 1.902630040163305694e+02 -2.950421863767225545e+02 -1.109987377702387448e+03 2.032041072845458984e+01
9.607464769569642460e-01 2.013948865963423032e+02 -2.758528437804915256e+02 -1.107908044627889012e+03 2.095568680763244629e+01
9.615548612425049990e-01 2.205721566858969140e+02 -2.481105956031196627e+02 -1.105511001861717887e+03 2.159057092666625977e+01
9.445595684659751079e-01 -1.099152712900372677e+02 -2.179281152804184956e+02 -1.108269881174201373e+03 2.223250293731689453e+01
9.561854925799707638e-01 1.215207066939181146e+02 -1.815715556399765944e+02 -1.117889359290960556e+03 2.287299776077270508e+01
9.670330131027381482e-01 3.386289542510322690e+02 -1.461435242830559673e+02 -1.132124309667265379e+03 2.351443099975585938e+01
9.602957415982651401e-01 2.105365829144696193e+02 -1.125882728139020372e+02 -1.139730379224330363e+03 2.416650581359863281e+01
9.653079848358626647e-01 3.131927111364199732e+02 -8.389331392905489793e+01 -1.147418049502249460e+03 2.482285189628601074e+01
9.640737015967618673e-01 2.940770349493017761e+02 -7.326535949563323413e+01 -1.146591469882406955e+03 2.545513010025024414e+01
9.648107024961736222e-01 3.137510535160388940e+02 -6.956620571217648319e+01 -1.141340429882752460e+03 2.609538984298706055e+01
9.667674423312156984e-01 3.582239041117065312e+02 -6.433690286044867435e+01 -1.137421396121012322e+03 2.673767805099487305e+01
9.683940980590520775e-01 3.967832468097770402e+02 -4.491809691966432894e+01 -1.140514462315976061e+03 2.738489484786987305e+01
9.667482886582288160e-01 3.701010945814635420e+02 -3.624459952375893579e+01 -1.142424804249215867e+03 2.803795289993286133e+01
9.674344657750971743e-01 3.907046881094753985e+02 -3.793634054692032720e+01 -1.135181215176918158e+03 2.869051790237426758e+01
9.685531519340166984e-01 4.204860130885451781e+02 -2.450842781999880771e+01 -1.136898829265190216e+03 2.934322881698608398e+01
9.595486683923791782e-01 2.452196044596112188e+02 -8.772434153351085229e+00 -1.142466770146703311e+03 2.999287891387939453e+01
9.593140147640689674e-01 2.471051480726785030e+02 -8.816133180045468976e+00 -1.145429344016160940e+03 3.064244198799133301e+01
9.637498257880920960e-01 3.445059295435467561e+02 7.594792580226622514e-01 -1.137866343527353138e+03 3.129349803924560547e+01
9.650153412715918311e-01 3.788181545930806919e+02 1.479429385127717467e+01 -1.149391547794821008e+03 3.195127701759338379e+01
9.686778308714697472e-01 4.617450747985377575e+02 3.864115961399220112e+01 -1.158678114972228286e+03 3.260820508003234863e+01
9.709891139405159022e-01 5.201158468030356516e+02 4.579874113697564297e+01 -1.162434245180797461e+03 3.328551697731018066e+01
9.698424028918704032e-01 5.066472870644998920e+02 4.893237766209607997e+01 -1.155539373984912800e+03 3.394343280792236328e+01
9.713625338312829038e-01 5.484444937016199901e+02 3.958040865913775974e+01 -1.141687151329801964e+03 3.460974311828613281e+01
9.633548806025459266e-01 3.866917982423427702e+02 4.299140764867645004e+01 -1.143366592241337457e+03 3.527977180480957031e+01
9.607339770417575586e-01 3.433477445123516532e+02 5.956798914962205771e+01 -1.156066300340861289e+03 3.593112897872924805e+01
9.468491430460478364e-01 4.647930850952803894e+01 5.952813469375409028e+01 -1.131275796138538681e+03 3.657859301567077637e+01
9.544012454642699650e-01 2.242255460762865482e+02 4.104848272994821201e+01 -1.118084493556484858e+03 3.724331998825073242e+01
9.693222985615470577e-01 5.554426523253498544e+02 8.775915602804234084e+01 -1.150844380198529961e+03 3.792177081108093262e+01
9.727276291383954998e-01 6.420166567231708541e+02 1.098428499499995468e+02 -1.148262935530405457e+03 3.859711980819702148e+01
9.698078841176780429e-01 5.939845256634057478e+02 1.237117347383454842e+02 -1.159450492888720191e+03 3.928822803497314453e+01
9.715787125422891135e-01 6.451285741874662563e+02 1.225249900407967374e+02 -1.154456483212467901e+03 3.996750187873840332e+01
9.693901050066879854e-01 6.099092980515104045e+02 1.318569579430751730e+02 -1.144606396782786533e+03 4.065027880668640137e+01
9.672743247864112881e-01 5.760207351744106745e+02 1.317540386126135274e+02 -1.146847250073587475e+03 4.134646606445312500e+01
9.589227015563240863e-01 4.013327846302532294e+02 1.218371052312038643e+02 -1.129139139513355076e+03 4.201317882537841797e+01
9.702972909857662254e-01 6.737742249800537593e+02 1.075577590223315241e+02 -1.121100550514203860e+03 4.268684887886047363e+01
9.611400481696084075e-01 4.818259607011753474e+02 1.324624581210024701e+02 -1.139644282636567141e+03 4.336006498336791992e+01
9.690563564939076446e-01 6.789464706420934590e+02 1.289124155886518679e+02 -1.132576981337364941e+03 4.403635096549987793e+01
9.603504185236758639e-01 4.902099556398653704e+02 1.250229535314815621e+02 -1.122354584442048235e+03 4.470722675323486328e+01
9.683867019342315974e-01 6.955442982636997158e+02 1.143165991876595768e+02 -1.124813349835414783e+03 4.538792991638183594e+01
9.675682681543560371e-01 6.894064209950848863e+02 1.134963267606500068e+02 -1.120601767943602908e+03 4.606733107566833496e+01
9.689228215263313571e-01 7.449322108438526584e+02 1.205020237548725390e+02 -1.117220546253194698e+03 4.674603271484375000e+01
9.669540391823585601e-01 7.143630791529584485e+02 1.180756885507297795e+02 -1.117513210622898896e+03 4.742208671569824219e+01
9.514724335831612478e-01 3.500230835138526118e+02 1.166762441315459569e+02 -1.106108168036868619e+03 4.820376086235046387e+01
9.507622804279999285e-01 3.186487720328667592e+02 1.271224427753424777e+02 -1.117008854762947294e+03 4.888695192337036133e+01
9.506521842388304666e-01 3.341854822471948978e+02 6.049327129071492948e+01 -1.078085519418806143e+03 4.957589888572692871e+01
9.623896440087851278e-01 6.512912253238686162e+02 1.085090289225443314e+02 -1.109739642081683769e+03 5.025469994544982910e+01
9.615811250907235763e-01 6.563993578608693724e+02 1.019161174317351453e+02 -1.096436790092016736e+03 5.094576501846313477e+01
9.640411335696605910e-01 7.367093501442598154e+02 1.052970722621271449e+02 -1.101762226684132429e+03 5.163192892074584961e+01
9.654234919322193242e-01 7.891625872400310300e+02 9.337657871457155068e+01 -1.088152363000034029e+03 5.232525491714477539e+01
9.687784304763422671e-01 8.956569053446976341e+02 1.000254407657654241e+02 -1.087760256248625183e+03 5.303099107742309570e+01
9.665805146427506322e-01 8.578024871958975837e+02 9.487073241098678977e+01 -1.085619678615432122e+03 5.372610402107238770e+01
9.672197799942993113e-01 8.953829727377934660e+02 9.390256395025437541e+01 -1.084420222743087834e+03 5.442417883872985840e+01
9.657361067324075066e-01 8.743497055708893413e+02 9.250509878662764152e+01 -1.077879578044701702e+03 5.512527394294738770e+01
9.663086837034294829e-01 9.092080400431016187e+02 7.895656054310578043e+01 -1.077256524017474476e+03 5.582494783401489258e+01
9.616079265926421593e-01 7.946876304260169945e+02 8.075262363142432775e+01 -1.081144091608497092e+03 5.652835702896118164e+01
9.647777850446730419e-01 9.012000247317130288e+02 8.438187962075222970e+01 -1.079215039978758341e+03 5.724837875366210938e+01
9.639190880741792533e-01 8.956631816051246915e+02 8.829501987827876519e+01 -1.081463751763613800e+03 5.794946408271789551e+01
9.635173665008814892e-01 8.996408008170895982e+02 7.466720020804760338e+01 -1.068573845187956522e+03 5.866285490989685059e+01
9.666374474858280275e-01 1.009473696497788069e+03 8.344427659836703981e+01 -1.071777523545444183e+03 5.934832787513732910e+01
9.602511298557910857e-01 8.324864446968058473e+02 6.994471535905947235e+01 -1.064531683286742691e+03 6.003115391731262207e+01
9.605307360648066561e-01 8.491830510090086364e+02 6.869601549723175538e+01 -1.059175071897947419e+03 6.073182487487792969e+01
9.644413263193121200e-01 9.921068962838423886e+02 7.751327437045527802e+01 -1.071924912921481564e+03 6.142787194252014160e+01
9.552866317644220784e-01 7.001115103171962346e+02 6.495772419890042215e+01 -1.063234892821059020e+03 6.213026881217956543e+01
9.573327945082908963e-01 7.847576326018048576e+02 6.799887518580646883e+01 -1.060986324058559603e+03 6.282816290855407715e+01
9.620259462458048416e-01 9.519979991573895859e+02 6.423598944005554756e+01 -1.053205062869865287e+03 6.353257989883422852e+01
9.618210246997880297e-01 9.642385258916068551e+02 5.852442222127514526e+01 -1.057543864497810091e+03 6.424193882942199707e+01
9.618266927059022642e-01 9.809783532878337837e+02 5.267347897033587145e+01 -1.059443222839788177e+03 6.494825077056884766e+01
9.633640958183745662e-01 1.050176567009993960e+03 4.721578389166934642e+01 -1.047448822201424264e+03 6.564802885055541992e+01
9.614632181627785767e-01 9.943345821177027801e+02 6.605539003413953481e+01 -1.059234763388743886e+03 6.634839892387390137e+01
9.640140812911308643e-01 1.100315241252558280e+03 4.217967484574623427e+01 -1.044147028486529734e+03 6.704645872116088867e+01
9.644578394354607065e-01 1.130902266235277466e+03 5.127985668157692345e+01 -1.052223521632449319e+03 6.775170993804931641e+01
9.638172459608851383e-01 1.116431196356100827e+03 3.686118614344695743e+01 -1.035054218085864250e+03 6.845567989349365234e+01
9.623327881589489596e-01 1.073503317949153143e+03 4.708070242553542073e+01 -1.040899583806127794e+03 6.916184496879577637e+01
9.531548245684219323e-01 7.313540593807580308e+02 3.887178486884868533e+01 -1.043573469016120953e+03 6.987446808815002441e+01
9.640234154208144890e-01 1.165531535074183466e+03 3.161597388673645170e+01 -1.030722261870732382e+03 7.059791898727416992e+01
9.597690425210650966e-01 9.977949675608298321e+02 3.055380167701822813e+01 -1.030441070487239585e+03 7.131718897819519043e+01
9.633005275877718487e-01 1.155487451209858591e+03 3.116994760356128324e+01 -1.035108395068668187e+03 7.202580285072326660e+01
9.616661904795062998e-01 1.099664735569028380e+03 2.983031621518431109e+01 -1.033049633749074701e+03 7.273359203338623047e+01
9.631329239952555188e-01 1.169643218899199383e+03 3.044454593253357544e+01 -1.033517703259848986e+03 7.346064782142639160e+01
9.632033580750696267e-01 1.181073882235252086e+03 1.702472890221553925e+01 -1.019814160226830609e+03 7.418342280387878418e+01
9.605191636311662950e-01 1.075139677797089689e+03 3.300397812359626215e+01 -1.036236454504481117e+03 7.490440177917480469e+01
9.645716918592518452e-01 1.253542225390077192e+03 1.901610064507812226e+01 -1.018142728484645659e+03 7.563305902481079102e+01
9.646070598365824589e-01 1.264686813113525659e+03 1.235942940719891858e+01 -1.015085123319765557e+03 7.636203479766845703e+01
9.615826682626367194e-01 1.138368913999972847e+03 1.210344476009098358e+01 -1.016944595506273686e+03 7.709532785415649414e+01
9.629360186694871926e-01 1.196560102655779474e+03 3.756872439110153561e+00 -1.014837127699820257e+03 7.781118798255920410e+01
9.638231864005644134e-01 1.246752033145771065e+03 1.706189479851518698e+00 -1.016072866412575991e+03 7.851418995857238770e+01
9.610451309025741518e-01 1.124285193653497345e+03 -1.668684190264132061e+00 -1.007918042063516964e+03 7.923101377487182617e+01
9.618936681222678420e-01 1.155153394657373383e+03 2.939484494811634985e+00 -1.003950638633940912e+03 7.994761991500854492e+01
9.640730447581624674e-01 1.275543858715582701e+03 -1.390187311639854872e+00 -1.006769401682727107e+03 8.066780209541320801e+01
9.616213513623121933e-01 1.156736679921651785e+03 -1.121943690347862166e+01 -9.994046420329201510e+02 8.140350198745727539e+01
9.618350475847731174e-01 1.170911499696958117e+03 -1.991581223575326831e+01 -9.984532678346648709e+02 8.212162089347839355e+01
9.673373702868686141e-01 1.459961657657551541e+03 -2.294610483357370612e+01 -9.915253531075391038e+02 8.284362101554870605e+01
9.642759861776766250e-01 1.302917881480456117e+03 -2.056716822523496546e+01 -9.951034557956189701e+02 8.356172275543212891e+01
9.637361971570386210e-01 1.275166232315860952e+03 -1.728877917312528112e+01 -9.920079787075862896e+02 8.428841376304626465e+01
9.668266326477145123e-01 1.443158090348487121e+03 -2.469318680940954636e+01 -9.876639974123121419e+02 8.502208185195922852e+01
9.652186901556814025e-01 1.360338053919213735e+03 -3.506305018021296149e+01 -9.806928653371891187e+02 8.575426292419433594e+01
9.599995013257086596e-01 1.062936143307282464e+03 -3.470701157368647216e+01 -9.832620242091600176e+02 8.648190188407897949e+01
9.610177018565870810e-01 1.112139610586163599e+03 -3.446855109450049071e+01 -9.821998096599447763e+02 8.720552992820739746e+01
9.630655584671627967e-01 1.235001073312632798e+03 -4.686918140162683244e+01 -9.755511299695663183e+02 8.793467378616333008e+01
9.650942812670355586e-01 1.356599267945806332e+03 -4.570412399221542188e+01 -9.760872923402067727e+02 8.866597390174865723e+01
9.649034245678308475e-01 1.343307324634155975e+03 -4.405364805074776058e+01 -9.790642872507683023e+02 8.939653396606445312e+01
9.645801794093484816e-01 1.318914493565793464e+03 -4.386219276801704581e+01 -9.775720686485210535e+02 9.012801408767700195e+01
9.655528850796042395e-01 1.376478091938404077e+03 -5.368467185573950218e+01 -9.694490617638712138e+02 9.086403489112854004e+01
9.664786773155296107e-01 1.430610844394831247e+03 -5.885531464009318370e+01 -9.638396251377824910e+02 9.160844492912292480e+01
9.663555661780893757e-01 1.424520630833324958e+03 -4.518630669266978828e+01 -9.749869452417743787e+02 9.244100785255432129e+01
9.660178336290645706e-01 1.395425159302168140e+03 -5.269262554523522368e+01 -9.660843125931831992e+02 9.318130993843078613e+01
9.667417533513955608e-01 1.441883414551919486e+03 -5.849828864123507088e+01 -9.671916459410728066e+02 9.392339181900024414e+01
9.658023686219391335e-01 1.371860668676121804e+03 -5.686153414740897460e+01 -9.713702192942566853e+02 9.466561889648437500e+01
9.665751812083617223e-01 1.419571799256263830e+03 -7.472007455618170013e+01 -9.491711359494420321e+02 9.541600680351257324e+01
9.659342246770048490e-01 1.366628197827732038e+03 -5.966063266770152040e+01 -9.628002405810049140e+02 9.614371180534362793e+01
9.646481196368420497e-01 1.255064915471792574e+03 -6.291500723654731786e+01 -9.590184536801234572e+02 9.692116093635559082e+01
9.661759516146481985e-01 1.366815626993837895e+03 -6.743201278851370262e+01 -9.609908582702046260e+02 9.765353894233703613e+01
9.650320609760512092e-01 1.268368347383932132e+03 -6.810705558457115671e+01 -9.590459305285837672e+02 9.839123606681823730e+01
9.661887449498802738e-01 1.344972856309503641e+03 -7.302280398282593410e+01 -9.586263214781216675e+02 9.911976003646850586e+01
9.662490362772486741e-01 1.341657068497234150e+03 -8.066329474142476386e+01 -9.479727150452815749e+02 9.984305000305175781e+01
9.647934780076991013e-01 1.213475964212185772e+03 -7.807722686013583768e+01 -9.534919116974460849e+02 1.005756437778472900e+02
9.663430510023819364e-01 1.327144929356465582e+03 -7.734185632866383742e+01 -9.441709484946771909e+02 1.013152360916137695e+02
9.664115920322107200e-01 1.318273033228530039e+03 -7.074436719145549546e+01 -9.550824214355841377e+02 1.020417430400848389e+02
9.655391989750246040e-01 1.234342506659272203e+03 -1.007822434738138355e+02 -9.320013301969695476e+02 1.027722690105438232e+02
9.668834893741284908e-01 1.338290019493857926e+03 -8.562794788876202290e+01 -9.511998538537943659e+02 1.035003750324249268e+02
9.662631293487010664e-01 1.269314817606886436e+03 -9.410670055801253397e+01 -9.388856506108685380e+02 1.042441787719726562e+02
9.659683815567920995e-01 1.238142489260165576e+03 -8.570902547541722072e+01 -9.443278510592881503e+02 1.049713869094848633e+02
9.642111295069075716e-01 1.047935536545298646e+03 -9.980342194795565547e+01 -9.358131910665706528e+02 1.057049467563629150e+02
9.654748125942085313e-01 1.162028615999092381e+03 -1.021009873757119522e+02 -9.371460821568661004e+02 1.064560759067535400e+02
9.661963021564308196e-01 1.211364375984840990e+03 -1.022692922378136871e+02 -9.352479850450446293e+02 1.072014529705047607e+02
9.654351301329584523e-01 1.128200620486084290e+03 -9.103784176873314493e+01 -9.414317854206767606e+02 1.079450738430023193e+02
9.663396541495118397e-01 1.195770202921584996e+03 -1.140710901162674418e+02 -9.286615833126936650e+02 1.086866097450256348e+02
9.670352957550116813e-01 1.247500231002410828e+03 -9.915164996888634619e+01 -9.365070447718308060e+02 1.094290568828582764e+02
9.664305858568176255e-01 1.171092143228615669e+03 -1.123181372279171910e+02 -9.268488602733947346e+02 1.101724200248718262e+02
9.662975347378659485e-01 1.138539928291203751e+03 -1.000591975418117698e+02 -9.392492080494184847e+02 1.109041247367858887e+02
9.655132913085520130e-01 1.041096284077706059e+03 -1.140315346672112042e+02 -9.238544255242865120e+02 1.116386170387268066e+02
9.678254171105978854e-01 1.255229355859391717e+03 -1.078034271243718081e+02 -9.333581420990600463e+02 1.123824748992919922e+02
9.657930531526872642e-01 1.027229655491703625e+03 -1.098148169617473116e+02 -9.267165159471851439e+02 1.131319189071655273e+02
9.668944699269327314e-01 1.122992418711839946e+03 -1.116100052864653804e+02 -9.273490773036488690e+02 1.138778460025787354e+02
9.667721649924653216e-01 1.091633439738430525e+03 -1.173532906212156348e+02 -9.266901295680357862e+02 1.146369650363922119e+02
9.673879156319511452e-01 1.133610328205480982e+03 -1.125564176079040095e+02 -9.278890198036207266e+02 1.153784470558166504e+02
9.675195083056259415e-01 1.130533196505425622e+03 -1.175303967736501392e+02 -9.201015439753997498e+02 1.161294310092926025e+02
9.674544965613489644e-01 1.100859844984773645e+03 -1.263336853399158173e+02 -9.156457126895836609e+02 1.168905100822448730e+02
9.668442169617622595e-01 1.014707259571688951e+03 -1.226469986113534532e+02 -9.236262364225680130e+02 1.176348268985748291e+02
9.676054158890267098e-01 1.079860046581724873e+03 -1.189611384267593905e+02 -9.147008543015402893e+02 1.183931100368499756e+02
9.676878027777200408e-01 1.073085898153640983e+03 -1.301695514858728302e+02 -9.184095168910366738e+02 1.191493868827819824e+02
9.665514687739978905e-01 9.217448169675567442e+02 -1.198195654901726641e+02 -9.218007780759240859e+02 1.198968858718872070e+02
9.685427924001951405e-01 1.130232069554371492e+03 -1.264650188353644040e+02 -9.167222999488477626e+02 1.206462650299072266e+02
9.675662811341493308e-01 9.978616255325129032e+02 -1.322261037591343609e+02 -9.151218731615472279e+02 1.213941397666931152e+02
9.660385520376686408e-01 7.957886763368749143e+02 -1.194521142225783308e+02 -9.267590070150906740e+02 1.221442837715148926e+02
9.675756905885523063e-01 9.575900612465168251e+02 -1.332869954350989588e+02 -9.096325539210658917e+02 1.228938779830932617e+02
9.674810646750068299e-01 9.246562073702048110e+02 -1.307753815043230645e+02 -9.167824359769983857e+02 1.236640698909759521e+02
9.674869210271692666e-01 9.040065922115270496e+02 -1.314809285049819323e+02 -9.106987720160688013e+02 1.245349857807159424e+02
9.675924929900046045e-01 8.983456476091283776e+02 -1.287299239158466264e+02 -9.181522054550089251e+02 1.252922060489654541e+02
9.675262609797812274e-01 8.716633686061211392e+02 -1.368975945912375494e+02 -9.080266948599030457e+02 1.260422289371490479e+02
9.676610074704783404e-01 8.675820259477238778e+02 -1.311530481748214925e+02 -9.152814168805311965e+02 1.268017098903656006e+02
9.678356642650052244e-01 8.696455730666473301e+02 -1.362752737854383440e+02 -9.085670672464563040e+02 1.275561950206756592e+02
9.669556191758584829e-01 7.404316353462158986e+02 -1.373966254784361638e+02 -9.122152657042379360e+02 1.283205287456512451e+02
9.679329933804192709e-01 8.384810951926681355e+02 -1.383773346668090483e+02 -9.067639095896357730e+02 1.290798099040985107e+02
9.676964107061607478e-01 7.841657078821933737e+02 -1.403525170305904339e+02 -9.058014383014335635e+02 1.298510367870330811e+02
9.658521524780172562e-01 5.346249038208624142e+02 -1.416942926481873712e+02 -9.083103010104105124e+02 1.306151359081268311e+02
9.657936388908722192e-01 4.760842102775000058e+02 -1.386520285798366388e+02 -9.034928031790816476e+02 1.314867377281188965e+02
9.659259371383926984e-01 5.003213768756646118e+02 -1.455501284149301853e+02 -9.057563105645956512e+02 1.322491528987884521e+02
9.671774851499362891e-01 6.516832485107132698e+02 -1.422327385112016316e+02 -9.048376400021691097e+02 1.330062148571014404e+02
9.671266199898991278e-01 6.305399482294357085e+02 -1.443996006161566186e+02 -9.058680467765124149e+02 1.337675299644470215e+02
9.670801489154620123e-01 6.070013171744717511e+02 -1.472293441943815822e+02 -9.021936444625075637e+02 1.345324959754943848e+02
9.678007090254624467e-01 6.839292232799509748e+02 -1.401179698790444945e+02 -9.092197946232138293e+02 1.352908856868743896e+02
9.676570022946802130e-01 6.468020561406707429e+02 -1.471683314198725725e+02 -9.037857793004386622e+02 1.360607128143310547e+02
9.680268637610716098e-01 6.815906424108250121e+02 -1.485279070468489238e+02 -9.047803189350473758e+02 1.368199038505554199e+02
9.670793901663508052e-01 5.285038864178792437e+02 -1.472657760778926388e+02 -8.995229134614900204e+02 1.375843367576599121e+02
9.672678482065107941e-01 5.397029404340013343e+02 -1.432922965612694668e+02 -9.065413414759298121e+02 1.383499209880828857e+02
9.676001593532209677e-01 5.667106716958237485e+02 -1.496450323267153237e+02 -8.992179578132962661e+02 1.391125149726867676e+02
9.677465151359678774e-01 5.724120831715512168e+02 -1.549195407336989945e+02 -8.979249898172394069e+02 1.398746998310089111e+02
9.674502629369730045e-01 5.127241325874757649e+02 -1.452792639570607491e+02 -9.037617605012630975e+02 1.406443789005279541e+02
9.672944722373671977e-01 4.739745508303649331e+02 -1.512762457974457675e+02 -8.988109191075811850e+02 1.414056088924407959e+02
9.675289025647061392e-01 4.929527262558883649e+02 -1.511021484244828628e+02 -8.964762503700651450e+02 1.421704719066619873e+02
9.677957564608983265e-01 5.168427175978270043e+02 -1.535549026605588665e+02 -8.967534350349438910e+02 1.429499230384826660e+02
9.674929166824397520e-01 4.570493327849030152e+02 -1.512721155585794577e+02 -8.977458549590685379e+02 1.437309129238128662e+02
9.676860492232446376e-01 4.697731035658711676e+02 -1.539871471785347126e+02 -9.012913517832453181e+02 1.445017910003662109e+02
9.676081723253905365e-01 4.462598835514996836e+02 -1.524268378860514019e+02 -8.999434091719874687e+02 1.452747147083282471e+02
9.672230151302237955e-01 3.702711775263051663e+02 -1.524368520776897924e+02 -9.002301693492290724e+02 1.460520548820495605e+02
9.674806479504202139e-01 3.998655009727394258e+02 -1.556876463296905513e+02 -8.975118776188199945e+02 1.468236188888549805e+02
9.673408180001257239e-01 3.661368599477336261e+02 -1.542842846928107292e+02 -9.003440636545054758e+02 1.476039447784423828e+02
9.677853627167289918e-01 4.196697994667811145e+02 -1.583232228307962259e+02 -8.971649069433642580e+02 1.483879899978637695e+02
9.669760600871252221e-01 2.837192540110188475e+02 -1.530807225257904918e+02 -8.999217622697844945e+02 1.491603729724884033e+02
9.677484829729632310e-01 3.893417755006317975e+02 -1.527918207104194153e+02 -8.988801595547600982e+02 1.500489919185638428e+02
9.683374989491474460e-01 4.718490233723569531e+02 -1.537220201519718046e+02 -9.007799920219514433e+02 1.508512220382690430e+02
9.671363157052926818e-01 2.755997105162504113e+02 -1.542867962068754366e+02 -9.001579494928467966e+02 1.516292619705200195e+02
9.682022474294801340e-01 4.288349801785824980e+02 -1.574187752753007032e+02 -8.989486164893870637e+02 1.524017939567565918e+02
9.678090357249417020e-01 3.584969089182735615e+02 -1.534311763283268135e+02 -8.964719428210613614e+02 1.531845128536224365e+02
9.673286659691506806e-01 2.761335147924179410e+02 -1.565534835204491628e+02 -8.966949739070699934e+02 1.539550569057464600e+02
9.678777265539881824e-01 3.516384845745371308e+02 -1.623033444730241399e+02 -8.907149661162651455e+02 1.547443768978118896e+02
9.675575317294996536e-01 2.933460152733832729e+02 -1.618494164285923205e+02 -8.948684342317351366e+02 1.555251748561859131e+02
9.676750728198690865e-01 3.024880212086623601e+02 -1.590203360312058578e+02 -8.973529132978073903e+02 1.563205590248107910e+02
9.675087959295844975e-01 2.683126346191749576e+02 -1.552169623419474078e+02 -8.976929624448732739e+02 1.570985798835754395e+02
9.673395212468719473e-01 2.356960382662976485e+02 -1.580213700957024514e+02 -8.953135204654608970e+02 1.578904538154602051e+02
9.678449619333906462e-01 3.089883400575784549e+02 -1.584799562621933546e+02 -8.926452290622630699e+02 1.586821589469909668e+02
9.675891717150593152e-01 2.614370520584539008e+02 -1.575944863210014546e+02 -8.974824721000798036e+02 1.594722559452056885e+02
9.678491345142220537e-01 2.977288057151318412e+02 -1.587285655044724706e+02 -8.942754394743402599e+02 1.602611918449401855e+02
9.680528000333453731e-01 3.262971319254933178e+02 -1.599384044020294766e+02 -8.945062180161513652e+02 1.610382750034332275e+02
9.675343297257740227e-01 2.384251320173626425e+02 -1.601844515633739547e+02 -8.913790224254465784e+02 1.618166339397430420e+02
9.678472694155977329e-01 2.830294177056038620e+02 -1.605154101939896805e+02 -8.946839432901751934e+02 1.626089320182800293e+02
9.674570237707774689e-01 2.139777015997501621e+02 -1.601742252225420771e+02 -8.977966224668899713e+02 1.634023189544677734e+02
9.672887489305961317e-01 1.834141462189389529e+02 -1.593263748247499620e+02 -8.932458462931414260e+02 1.641969840526580811e+02
9.676821059265791058e-01 2.427108802137810244e+02 -1.589527990186546731e+02 -8.925492378393437320e+02 1.649895999431610107e+02
9.673733133594790701e-01 1.903585407311391577e+02 -1.590719582737350493e+02 -8.970165608039143308e+02 1.657842810153961182e+02
9.674759957328818993e-01 2.023221073887165460e+02 -1.587407959344014046e+02 -8.954614835534245003e+02 1.665700728893280029e+02
9.673681550247270611e-01 1.833528011218539859e+02 -1.600999751130962920e+02 -8.953723830735168576e+02 1.673756017684936523e+02
9.679909387081144789e-01 2.810485515137839911e+02 -1.612191549771647772e+02 -8.942442724021705089e+02 1.681636178493499756e+02
9.680267965205460179e-01 2.837499000948630510e+02 -1.609056556122744155e+02 -8.935559201314172242e+02 1.689591410160064697e+02
9.676209096621146699e-01 2.170242613371280243e+02 -1.607731215041059158e+02 -8.924386716685132797e+02 1.697470860481262207e+02
9.672491606742398274e-01 1.550234434453468566e+02 -1.612671713574033845e+02 -8.936661417184147922e+02 1.706652209758758545e+02
9.678729348873483795e-01 2.547270154983916655e+02 -1.616272514967907910e+02 -8.933700275380333551e+02 1.714777808189392090e+02
9.677197575543226016e-01 2.285238401560205261e+02 -1.616256277588590251e+02 -8.927301444927475131e+02 1.722879688739776611e+02
9.674003476118901990e-01 1.769499372419617487e+02 -1.614855693597819197e+02 -8.904841228550533287e+02 1.730939157009124756e+02
9.676191200562705985e-01 2.092677405619897399e+02 -1.613237620286569154e+02 -8.938667628713405975e+02 1.738945488929748535e+02
9.676429012993837953e-01 2.126668074527444787e+02 -1.615444370086170238e+02 -8.914162365339016105e+02 1.746943306922912598e+02
9.678024345111190252e-01 2.388798260765968848e+02 -1.616536966416288976e+02 -8.914085342561061225e+02 1.755053219795227051e+02
9.675577857319102026e-01 1.967992323562696697e+02 -1.616693525783764187e+02 -8.903231112807927730e+02 1.763163540363311768e+02
9.676513270846767156e-01 2.121842691510028374e+02 -1.614956202357748509e+02 -8.928999433598077076e+02 1.771144099235534668e+02
9.674076260815864803e-01 1.720602120494151848e+02 -1.613548760292388806e+02 -8.901326621267126029e+02 1.779110131263732910e+02
9.672786960564636605e-01 1.523220625902872882e+02 -1.612869590866367844e+02 -8.951882141900999841e+02 1.787117428779602051e+02
9.679980733635548118e-01 2.691247925148807099e+02 -1.612734965401307647e+02 -8.919056508263765863e+02 1.795288488864898682e+02
9.679452978483390480e-01 2.610288752281712163e+02 -1.612975302129604529e+02 -8.920998817908655383e+02 1.803265650272369385e+02
9.672305645252695649e-01 1.436051742273754996e+02 -1.613009021097647633e+02 -8.946967630377204159e+02 1.811374189853668213e+02
9.671880210888921248e-01 1.363006861405261247e+02 -1.612927982342929454e+02 -8.910414096037508216e+02 1.819479610919952393e+02
9.673843144694601603e-01 1.682659025064099581e+02 -1.612982149555957676e+02 -8.939114357452640434e+02 1.827554268836975098e+02
9.677967831423215372e-01 2.340621945934947519e+02 -1.612991018653494848e+02 -8.922343229625065533e+02 1.835858538150787354e+02
9.677308416368216593e-01 2.252086538503062343e+02 -1.612900141174015971e+02 -8.928379994574389684e+02 1.845699367523193359e+02
9.675680341315783251e-01 1.987619686748683705e+02 -1.613059927897590171e+02 -8.936667457186946422e+02 1.854432640075683594e+02
9.673919469199154797e-01 1.706186525940009631e+02 -1.613069183257294128e+02 -8.929495966918714203e+02 1.863096449375152588e+02
9.675680719686948761e-01 1.994032313554628786e+02 -1.612841652792925800e+02 -8.940000042558895075e+02 1.873482849597930908e+02
9.673670655236451532e-01 1.672274589551834936e+02 -1.613003980606345920e+02 -8.951311758975451767e+02 1.882120349407196045e+02
9.678955080438967906e-01 2.496385594008549447e+02 -1.613034022424495504e+02 -8.917952751611560416e+02 1.890467958450317383e+02
9.679571304877003790e-01 2.613425463276927871e+02 -1.612966298321932470e+02 -8.958172662948757079e+02 1.898826689720153809e+02
9.678174593310630014e-01 2.381422081820010135e+02 -1.612962326590092346e+02 -8.907363230764691480e+02 1.907112050056457520e+02
9.678482011520324058e-01 2.444544791640253152e+02 -1.613035716608960399e+02 -8.927065212164483228e+02 1.915366289615631104e+02
