nan nan nan nan 1.143270993232727051e+01
nan nan nan nan 1.529451179504394531e+01
nan nan nan nan 1.554573583602905273e+01
nan nan nan nan 1.579199481010437012e+01
nan nan nan nan 1.607348394393920898e+01
nan nan nan nan 1.635695075988769531e+01
nan nan nan nan 1.663788294792175293e+01
nan nan nan nan 1.692431592941284180e+01
nan nan nan nan 1.720741891860961914e+01
nan nan nan nan 1.750706696510314941e+01
nan nan nan nan 1.780640888214111328e+01
nan nan nan nan 1.813562393188476562e+01
nan nan nan nan 1.848401594161987305e+01
nan nan nan nan 1.880833792686462402e+01
nan nan nan nan 1.913755989074707031e+01
nan nan nan nan 1.947517085075378418e+01
nan nan nan nan 1.981906294822692871e+01
nan nan nan nan 2.016775608062744141e+01
nan nan nan nan 2.054470491409301758e+01
nan nan nan nan 2.096781492233276367e+01
nan nan nan nan 2.134213781356811523e+01
nan nan nan nan 2.172726893424987793e+01
nan nan nan nan 2.215322709083557129e+01
nan nan nan nan 2.260079693794250488e+01
nan nan nan nan 2.301536488533020020e+01
nan nan nan nan 2.343833875656127930e+01
nan nan nan nan 2.386739778518676758e+01
nan nan nan nan 2.429867982864379883e+01
nan nan nan nan 2.474040699005126953e+01
nan nan nan nan 2.518852472305297852e+01
nan nan nan nan 2.564897274971008301e+01
nan nan nan nan 2.621590399742126465e+01
nan nan nan nan 2.674755311012268066e+01
nan nan nan nan 2.729918909072875977e+01
nan nan nan nan 2.784993386268615723e+01
nan nan nan nan 2.841986203193664551e+01
nan nan nan nan 2.897083687782287598e+01
nan nan nan nan 2.954844284057617188e+01
nan nan nan nan 3.012458872795104980e+01
nan nan nan nan 3.071292400360107422e+01
nan nan nan nan 3.130273675918579102e+01
nan nan nan nan 3.192880105972290039e+01
nan nan nan nan 3.252886676788330078e+01
nan nan nan nan 3.313470172882080078e+01
nan nan nan nan 3.375442981719970703e+01
nan nan nan nan 3.438687109947204590e+01
nan nan nan nan 3.503105783462524414e+01
nan nan nan nan 3.569525098800659180e+01
nan nan nan nan 3.636157274246215820e+01
nan nan nan nan 3.704365897178649902e+01
nan nan nan nan 3.773018693923950195e+01
