-4.488361668954679828e+01 -9.170858042599384207e+05 -4.011250779778490596e+02 -1.669548354972388130e+06 1.047986888885498047e+01
-2.998100917104554952e+01 -6.163562517007393762e+05 -4.016630969938712497e+02 -1.338575343183232704e+06 1.407894611358642578e+01
-1.945391338150498939e+01 -4.050121283387572621e+05 -4.021948876470812593e+02 -1.073823216571995290e+06 1.462841820716857910e+01
-1.226575989665565025e+01 -2.613270473718100984e+05 -4.027234145828388705e+02 -8.628977758062940557e+05 1.516055607795715332e+01
-7.577781184197826647e+00 -1.679651670160374197e+05 -4.032509850260837538e+02 -6.963940365875277203e+05 1.567993187904357910e+01
-4.673877447803397089e+00 -1.103102463921569724e+05 -4.037680052181707993e+02 -5.641321021183565026e+05 1.622923302650451660e+01
-2.928109677677607436e+00 -7.570665158506117587e+04 -4.042758415213405101e+02 -4.568044931454940233e+05 1.684444808959960938e+01
-1.953526404678844308e+00 -5.638633985712873255e+04 -4.047696393409046891e+02 -3.730065718966103159e+05 1.741798686981201172e+01
-1.448285452888673719e+00 -4.632187568280175765e+04 -4.052746939474303076e+02 -3.074740201431756723e+05 1.800582194328308105e+01
-1.239903253949776740e+00 -4.206043212076328928e+04 -4.057712497248649584e+02 -2.591946317922815506e+05 1.858249711990356445e+01
-1.238165694622672452e+00 -4.181373423937084590e+04 -4.062511466585892776e+02 -2.243829863126929849e+05 1.915619897842407227e+01
-1.399186107973309667e+00 -4.467895516291203967e+04 -4.067202279299739303e+02 -2.009358571014236659e+05 1.970274209976196289e+01
-1.707557932915806154e+00 -5.033198786914464290e+04 -4.071974993859537335e+02 -1.867236336836726114e+05 2.024056410789489746e+01
-2.189294179520160810e+00 -5.922211019689579553e+04 -4.076682688752051149e+02 -1.800532625329231378e+05 2.079571318626403809e+01
-2.879040184238395916e+00 -7.197390107754159544e+04 -4.081385147971324727e+02 -1.803290909310897405e+05 2.133704304695129395e+01
-3.884428687721933393e+00 -9.055206813111447264e+04 -4.085997877163993053e+02 -1.875324698347843951e+05 2.187667012214660645e+01
-5.258799417530365616e+00 -1.159260191555218771e+05 -4.090402609122865556e+02 -2.010490432129681867e+05 2.241714596748352051e+01
-7.108788768021674365e+00 -1.500159316155924753e+05 -4.094726912259340565e+02 -2.206821551635337237e+05 2.295636296272277832e+01
-9.630348142344722362e+00 -1.963795399715763342e+05 -4.098953507428080911e+02 -2.472222545004825224e+05 2.349271202087402344e+01
-1.287663694934678382e+01 -2.559478084456423821e+05 -4.103045474639110353e+02 -2.798314080517218681e+05 2.402475500106811523e+01
-1.697138580065870883e+01 -3.308972594534174423e+05 -4.107092412030875721e+02 -3.187574258455837262e+05 2.457829499244689941e+01
-2.213262815913575210e+01 -4.251517679720624001e+05 -4.111194084651058347e+02 -3.646554072916583973e+05 2.512336397171020508e+01
-2.849652695428090965e+01 -5.410711899054205278e+05 -4.115191718598114221e+02 -4.173995171539752046e+05 2.565905213356018066e+01
-3.618214269165559926e+01 -6.806409928857322084e+05 -4.119027207129487920e+02 -4.770569351765127503e+05 2.619863104820251465e+01
-4.515085159515589908e+01 -8.431768615183854708e+05 -4.122809633930682480e+02 -5.444968312003419269e+05 2.674628901481628418e+01
-5.530070811676124976e+01 -1.026695231663001701e+06 -4.126509706463077123e+02 -6.201941778951389715e+05 2.729874706268310547e+01
-6.676785459313062177e+01 -1.233333601765946252e+06 -4.130039859287282411e+02 -7.066269896791351493e+05 2.784448385238647461e+01
-7.931602862971416812e+01 -1.459056708480693167e+06 -4.133506472100732481e+02 -8.078097674325144617e+05 2.838958001136779785e+01
-9.266536176249726964e+01 -1.698582601741437335e+06 -4.136906080606459568e+02 -9.292886809980842518e+05 2.892548799514770508e+01
-1.077785116113548867e+02 -1.968902696746844100e+06 -4.140183521509554794e+02 -1.089170928340913961e+06 2.946987819671630859e+01
-1.237984036578323668e+02 -2.254791124164433684e+06 -4.143451238436063022e+02 -1.302564751789715840e+06 3.000118398666381836e+01
-1.406173021810172088e+02 -2.554298012081197463e+06 -4.146538084766541488e+02 -1.601660751144291135e+06 3.055495786666870117e+01
-1.593659619757871155e+02 -2.887923938311945181e+06 -4.149555775087708298e+02 -2.047854000373214483e+06 3.110050487518310547e+01
-1.807257459453036290e+02 -3.267621861879155505e+06 -4.152453267484530670e+02 -2.738930191415463574e+06 3.167387509346008301e+01
-2.059903093046439722e+02 -3.717349433219610713e+06 -4.155478862906929862e+02 -3.832785390768895857e+06 3.222941493988037109e+01
-2.398869325208063401e+02 -4.321804593693783507e+06 -4.158294806646257484e+02 -5.691930285015620291e+06 3.277878308296203613e+01
-2.879786438225312395e+02 -5.181791021844424307e+06 -4.161066172232451095e+02 -8.898120624700056389e+06 3.334091091156005859e+01
-3.597289942420825355e+02 -6.468812070139512420e+06 -4.163685195996476409e+02 -1.445527273375062086e+07 3.389031600952148438e+01
-4.770193043135704443e+02 -8.578167224889475852e+06 -4.166248915617914008e+02 -2.439219507276703045e+07 3.444674396514892578e+01
-6.764720109100979926e+02 -1.217147569985175133e+07 -4.168767261034858507e+02 -4.244397663379950821e+07 3.499812197685241699e+01
-1.031042892255236438e+03 -1.856958543433697149e+07 -4.171176253556848224e+02 -7.561969125390672684e+07 3.554959487915039062e+01
-1.726186662369925898e+03 -3.111933443025875092e+07 -4.173567896589788120e+02 -1.388304431718953848e+08 3.611043000221252441e+01
-3.049275832183585408e+03 -5.499371823135181516e+07 -4.175872192970493302e+02 -2.568298248581566811e+08 3.667683482170104980e+01
-5.679196767150624510e+03 -1.024401130149268806e+08 -4.178136907508250601e+02 -4.788575443028330207e+08 3.725576710700988770e+01
-1.141574067077008658e+04 -2.058655846158573329e+08 -4.180299316214803866e+02 -9.153853557404299974e+08 3.782928395271301270e+01
-2.377492331546175774e+04 -4.284176026540638208e+08 -4.182366257465935178e+02 -1.770176605648255348e+09 3.845418977737426758e+01
-5.050657974665078655e+04 -9.094654430300941467e+08 -4.184444144092292390e+02 -3.448876527632352352e+09 3.906529903411865234e+01
-1.119272417628588737e+05 -2.014085533346959352e+09 -4.186301184582716246e+02 -6.880487249210746765e+09 3.964898800849914551e+01
-2.491129850494463171e+05 -4.480242822644456863e+09 -4.188171428057200956e+02 -1.367715062758491516e+10 4.024113011360168457e+01
-5.666552359867843334e+05 -1.018649456199570274e+10 -4.190020002427517056e+02 -2.772920952642173004e+10 4.083448410034179688e+01
-1.286318928348614369e+06 -2.311566015503417206e+10 -4.191856692181447102e+02 -5.630680280285488129e+10 4.144149684906005859e+01
-3.075699260692443233e+06 -5.526149996601656342e+10 -4.193596903980561024e+02 -1.186390464210026855e+11 4.201754093170166016e+01
-7.259801969927114435e+06 -1.304491166685521240e+11 -4.195245813256412930e+02 -2.541382077662645264e+11 4.258786702156066895e+01
-1.731201262544759735e+07 -3.112790936920199585e+11 -4.196907218462456512e+02 -5.557217964998455811e+11 4.314693522453308105e+01
-4.255941946802041680e+07 -7.659054451057199707e+11 -4.198689074174271241e+02 -1.253979555836638184e+12 4.370906186103820801e+01
-1.095160526308723986e+08 -1.972367523836203369e+12 -4.200406642975183331e+02 -2.954653931090681152e+12 4.427415895462036133e+01
-2.898236170621694922e+08 -5.224516269837953125e+12 -4.202012076965128813e+02 -7.207737324900392578e+12 4.484375309944152832e+01
-7.914095882892316580e+08 -1.428910247070855469e+13 -4.203774326047897034e+02 -1.837680609452437109e+13 4.541087913513183594e+01
-2.279727492522843361e+09 -4.124866378698243750e+13 -4.205584783269393938e+02 -4.951455333748230469e+13 4.598286914825439453e+01
-7.072490629744958878e+09 -1.282704651538000781e+14 -4.207662212801769215e+02 -1.441361910674229375e+14 4.655049204826354980e+01
-2.491491791954016876e+10 -4.533329685129353750e+14 -4.209834734108553107e+02 -4.714582919151776250e+14 4.716130900382995605e+01
-9.760958699542276001e+10 -1.782899996061565500e+15 -4.212061148436363283e+02 -1.695150841522316500e+15 4.774570512771606445e+01
-4.381212975354892578e+11 -8.041809831673578000e+15 -4.214446720138005276e+02 -6.941566446234881000e+15 4.831715106964111328e+01
-2.434283673339947754e+12 -4.494248198956273600e+16 -4.217147537120975471e+02 -3.551002161863190000e+16 4.888905596733093262e+01
-2.154343068178289062e+13 -4.013415556099145600e+17 -4.219964641574436541e+02 -2.989843288212290560e+17 4.947715210914611816e+01
-5.816011294897611250e+14 -1.098769266286950400e+19 -4.223163109506239721e+02 -7.115065485837410304e+18 5.007449698448181152e+01
-6.267290149705006080e+17 -1.209872214855932235e+22 -4.227090612471931195e+02 -6.018538058027193336e+21 5.067384195327758789e+01
-5.160914724445776926e+27 -9.999223437344491668e+31 -4.231873311637083930e+02 -1.640681556869959079e+31 5.127204298973083496e+01
nan nan nan nan 5.188479709625244141e+01
nan nan nan nan 5.249933099746704102e+01
nan nan nan nan 5.308843708038330078e+01
nan nan nan nan 5.371641492843627930e+01
nan nan nan nan 5.434111690521240234e+01
nan nan nan nan 5.495732307434082031e+01
nan nan nan nan 5.555069899559020996e+01
nan nan nan nan 5.613032722473144531e+01
nan nan nan nan 5.669719886779785156e+01
nan nan nan nan 5.726661515235900879e+01
nan nan nan nan 5.784697508811950684e+01
nan nan nan nan 5.841291594505310059e+01
nan nan nan nan 5.898546385765075684e+01
nan nan nan nan 5.956295895576477051e+01
nan nan nan nan 6.015066885948181152e+01
nan nan nan nan 6.074466395378112793e+01
nan nan nan nan 6.133716416358947754e+01
nan nan nan nan 6.193227815628051758e+01
nan nan nan nan 6.252773690223693848e+01
nan nan nan nan 6.314940595626831055e+01
nan nan nan nan 6.377304887771606445e+01
nan nan nan nan 6.439482092857360840e+01
nan nan nan nan 6.498996210098266602e+01
nan nan nan nan 6.559448790550231934e+01
nan nan nan nan 6.621854186058044434e+01
nan nan nan nan 6.682763981819152832e+01
nan nan nan nan 6.745427203178405762e+01
nan nan nan nan 6.804552412033081055e+01
nan nan nan nan 6.865825295448303223e+01
nan nan nan nan 6.925962090492248535e+01
nan nan nan nan 6.986717915534973145e+01
nan nan nan nan 7.046824717521667480e+01
nan nan nan nan 7.107529306411743164e+01
nan nan nan nan 7.168438410758972168e+01
nan nan nan nan 7.228587293624877930e+01
nan nan nan nan 7.289762687683105469e+01
nan nan nan nan 7.350868201255798340e+01
nan nan nan nan 7.413248395919799805e+01
nan nan nan nan 7.474984192848205566e+01
nan nan nan nan 7.536535191535949707e+01
nan nan nan nan 7.598302507400512695e+01
nan nan nan nan 7.659790396690368652e+01
nan nan nan nan 7.730976295471191406e+01
nan nan nan nan 7.801533198356628418e+01
nan nan nan nan 7.869294905662536621e+01
nan nan nan nan 7.940878701210021973e+01
nan nan nan nan 8.009547090530395508e+01
nan nan nan nan 8.076099681854248047e+01
nan nan nan nan 8.143765687942504883e+01
nan nan nan nan 8.211419510841369629e+01
nan nan nan nan 8.279759287834167480e+01
nan nan nan nan 8.351900815963745117e+01
nan nan nan nan 8.425266098976135254e+01
nan nan nan nan 8.496307992935180664e+01
nan nan nan nan 8.564813590049743652e+01
nan nan nan nan 8.632319498062133789e+01
nan nan nan nan 8.700870203971862793e+01
nan nan nan nan 8.771753096580505371e+01
nan nan nan nan 8.844833278656005859e+01
nan nan nan nan 8.920938301086425781e+01
nan nan nan nan 8.988857817649841309e+01
nan nan nan nan 9.055116796493530273e+01
nan nan nan nan 9.120889091491699219e+01
nan nan nan nan 9.187379789352416992e+01
nan nan nan nan 9.255491900444030762e+01
nan nan nan nan 9.322311210632324219e+01
nan nan nan nan 9.389008212089538574e+01
nan nan nan nan 9.457805013656616211e+01
nan nan nan nan 9.524405884742736816e+01
nan nan nan nan 9.594674801826477051e+01
nan nan nan nan 9.663433718681335449e+01
nan nan nan nan 9.731120896339416504e+01
nan nan nan nan 9.799851703643798828e+01
nan nan nan nan 9.870392894744873047e+01
nan nan nan nan 9.939872288703918457e+01
nan nan nan nan 1.000882539749145508e+02
nan nan nan nan 1.007689580917358398e+02
nan nan nan nan 1.014867050647735596e+02
nan nan nan nan 1.021808021068572998e+02
nan nan nan nan 1.028765220642089844e+02
nan nan nan nan 1.035987348556518555e+02
nan nan nan nan 1.042859189510345459e+02
nan nan nan nan 1.049700801372528076e+02
